step,kart1_X,kart1_Y,kart1_direction,kart1_speed,DrivingMode,GameMode,getFrame,current_checkpoint,surface,reward,total_reward
0,3712,2288,0,0,4,2,282,29,64,0.0,0.0
1,3712,2288,0,0,4,2,283,29,64,0.0,0.0
2,3712,2288,0,0,4,2,284,29,64,0.0,0.0
3,3712,2288,0,0,4,2,285,29,64,0.0,0.0
4,3712,2288,0,0,4,2,286,29,64,0.0,0.0
5,3712,2288,0,0,4,2,287,29,64,0.0,0.0
6,3712,2288,0,0,4,2,288,29,64,0.0,0.0
7,3712,2288,0,0,4,2,289,29,64,0.0,0.0
8,3712,2288,0,0,4,2,290,29,64,0.0,0.0
9,3712,2288,0,0,4,2,291,29,64,-1.0,-1.0
10,3712,2288,0,0,4,2,292,29,64,-1.0,-2.0
11,3712,2288,0,0,4,2,293,29,64,-1.0,-3.0
12,3712,2288,0,0,4,2,294,29,64,-1.0,-4.0
13,3712,2288,0,0,4,2,295,29,64,-1.0,-5.0
14,3712,2288,0,0,4,2,296,29,64,-1.0,-6.0
15,3712,2288,0,0,4,2,297,29,64,-1.0,-7.0
16,3712,2288,0,0,4,2,298,29,64,-1.0,-8.0
17,3712,2288,0,0,4,2,299,29,64,-1.0,-9.0
18,3712,2288,0,0,4,2,300,29,64,-1.0,-10.0
19,3712,2288,0,0,4,2,301,29,64,-1.0,-11.0
20,3712,2288,0,0,4,2,302,29,64,-1.0,-12.0
21,3712,2288,0,0,4,2,303,29,64,-1.0,-13.0
22,3712,2288,0,0,4,2,304,29,64,-1.0,-14.0
23,3712,2288,0,0,4,2,305,29,64,-1.0,-15.0
24,3712,2288,0,0,4,2,306,29,64,-1.0,-16.0
25,3712,2288,0,0,4,2,307,29,64,-1.0,-17.0
26,3712,2288,0,0,4,2,308,29,64,-1.0,-18.0
27,3712,2288,0,0,4,2,309,29,64,-1.0,-19.0
28,3712,2288,0,0,4,2,310,29,64,-1.0,-20.0
29,3712,2288,0,0,4,2,311,29,64,-1.0,-21.0
30,3712,2288,0,0,4,2,312,29,64,-1.0,-22.0
31,3712,2288,0,0,4,2,313,29,64,-1.0,-23.0
32,3712,2288,0,0,4,2,314,29,64,-1.0,-24.0
33,3712,2288,0,0,4,2,315,29,64,-1.0,-25.0
34,3712,2288,0,0,4,2,316,29,64,-1.0,-26.0
35,3712,2288,0,0,4,2,317,29,64,-1.0,-27.0
36,3712,2288,0,0,4,2,318,29,64,-1.0,-28.0
37,3712,2288,0,0,4,2,319,29,64,-1.0,-29.0
38,3712,2288,0,0,4,2,320,29,64,-1.0,-30.0
39,3712,2288,0,0,4,2,321,29,64,-1.0,-31.0
40,3712,2288,0,0,4,2,322,29,64,-1.0,-32.0
41,3712,2288,0,0,4,2,323,29,64,-1.0,-33.0
42,3712,2288,0,0,4,2,324,29,64,-1.0,-34.0
43,3712,2288,0,0,4,2,325,29,64,-1.0,-35.0
44,3712,2288,0,0,4,2,326,29,64,-1.0,-36.0
45,3712,2288,0,0,4,2,327,29,64,-1.0,-37.0
46,3712,2288,0,0,4,2,328,29,64,-1.0,-38.0
47,3712,2288,0,0,4,2,329,29,64,-1.0,-39.0
48,3712,2288,0,0,4,2,330,29,64,-1.0,-40.0
49,3712,2288,0,0,4,2,331,29,64,-1.0,-41.0
50,3712,2288,0,0,4,2,332,29,64,-1.0,-42.0
51,3712,2288,0,0,4,2,333,29,64,-1.0,-43.0
52,3712,2288,0,0,4,2,334,29,64,-1.0,-44.0
53,3712,2288,0,0,4,2,335,29,64,-1.0,-45.0
54,3712,2288,0,0,6,2,336,29,64,-1.0,-46.0
55,3712,2288,0,0,6,2,337,29,64,-1.0,-47.0
56,3712,2288,0,0,6,2,338,29,64,-1.0,-48.0
57,3712,2288,0,2,6,2,339,29,64,1.0,-47.0
58,3712,2287,0,4,6,2,340,29,64,1.0,-46.0
59,3712,2287,0,0,6,2,341,29,64,0.0,-46.0
60,3712,2287,0,2,6,2,342,29,64,1.0,-45.0
61,3712,2287,0,4,6,2,343,29,64,1.0,-44.0
62,3712,2287,0,6,6,2,344,29,64,1.0,-43.0
63,3712,2287,0,2,6,2,345,29,64,1.0,-42.0
64,3712,2287,0,4,6,2,346,29,64,1.0,-41.0
65,3712,2287,0,6,6,2,347,29,64,1.0,-40.0
66,3712,2287,0,2,6,2,348,29,64,1.0,-39.0
67,3712,2287,0,4,6,2,349,29,64,1.0,-38.0
68,3712,2287,0,6,6,2,350,29,64,1.0,-37.0
69,3712,2287,0,2,6,2,351,29,64,1.0,-36.0
70,3712,2287,0,4,6,2,352,29,64,1.0,-35.0
71,3712,2287,0,6,6,2,353,29,64,1.0,-34.0
72,3712,2287,0,8,6,2,354,29,64,1.0,-33.0
73,3712,2287,0,4,6,2,355,29,64,1.0,-32.0
74,3712,2287,0,6,6,2,356,29,64,1.0,-31.0
75,3712,2287,0,8,6,2,357,29,64,1.0,-30.0
76,3712,2287,0,4,6,2,358,29,64,1.0,-29.0
77,3712,2286,0,0,6,2,359,29,64,0.0,-29.0
78,3712,2286,0,2,6,2,360,29,64,1.0,-28.0
79,3712,2286,0,4,6,2,361,29,64,1.0,-27.0
80,3712,2286,0,0,6,2,362,29,64,0.0,-27.0
81,3712,2286,0,2,6,2,363,29,64,1.0,-26.0
82,3712,2286,0,0,6,2,364,29,64,0.0,-26.0
83,3712,2286,0,0,6,2,365,29,64,0.0,-26.0
84,3712,2286,0,2,6,2,366,29,64,1.0,-25.0
85,3712,2286,0,4,6,2,367,29,64,1.0,-24.0
86,3712,2286,0,6,6,2,368,29,64,1.0,-23.0
87,3712,2286,0,8,6,2,369,29,64,1.0,-22.0
88,3712,2286,0,10,6,2,370,29,64,1.0,-21.0
89,3712,2286,0,12,6,2,371,29,64,1.0,-20.0
90,3712,2286,0,14,6,2,372,29,64,1.0,-19.0
91,3712,2286,0,16,6,2,373,29,64,1.0,-18.0
92,3712,2285,0,18,6,2,374,29,64,1.0,-17.0
93,3711,2285,0,14,6,2,375,29,64,1.0,-16.0
94,3711,2285,0,16,6,2,376,29,64,1.0,-15.0
95,3711,2285,0,18,6,2,377,29,64,1.0,-14.0
96,3711,2284,0,20,6,2,378,29,64,1.0,-13.0
97,3711,2284,0,22,6,2,379,29,64,1.0,-12.0
98,3711,2284,0,18,6,2,380,29,64,1.0,-11.0
99,3711,2284,0,20,6,2,381,29,64,1.0,-10.0
100,3711,2283,0,22,6,2,382,29,64,1.0,-9.0
101,3711,2283,0,24,6,2,383,29,64,1.0,-8.0
102,3711,2283,0,26,6,2,384,29,64,1.0,-7.0
103,3711,2282,0,22,6,2,385,29,64,1.0,-6.0
104,3711,2282,0,24,6,2,386,29,64,1.0,-5.0
105,3711,2281,0,26,6,2,387,29,64,1.0,-4.0
106,3711,2281,0,22,6,2,388,29,64,1.0,-3.0
107,3711,2281,0,24,6,2,389,29,64,1.0,-2.0
108,3711,2280,0,20,6,2,390,29,64,1.0,-1.0
109,3711,2280,0,22,6,2,391,29,64,1.0,0.0
110,3711,2280,0,18,6,2,392,29,64,1.0,1.0
111,3711,2280,0,20,6,2,393,29,64,1.0,2.0
112,3711,2279,0,22,6,2,394,29,64,1.0,3.0
113,3711,2279,0,18,6,2,395,29,64,1.0,4.0
114,3711,2279,0,14,6,2,396,29,64,1.0,5.0
115,3711,2278,0,16,6,2,397,29,64,1.0,6.0
116,3711,2278,0,12,6,2,398,29,64,1.0,7.0
117,3711,2278,0,14,6,2,399,29,64,1.0,8.0
118,3711,2278,0,16,6,2,400,29,64,1.0,9.0
119,3711,2278,0,18,6,2,401,29,64,1.0,10.0
120,3711,2277,0,20,6,2,402,29,64,1.0,11.0
121,3711,2277,0,22,6,2,403,29,64,1.0,12.0
122,3711,2277,0,24,6,2,404,29,64,1.0,13.0
123,3711,2276,0,26,6,2,405,29,64,1.0,14.0
124,3711,2276,0,22,6,2,406,29,64,1.0,15.0
125,3711,2276,0,18,6,2,407,29,64,1.0,16.0
126,3711,2275,0,14,6,2,408,29,64,1.0,17.0
127,3711,2275,0,16,6,2,409,29,64,1.0,18.0
128,3711,2275,0,18,6,2,410,29,64,1.0,19.0
129,3711,2275,0,20,6,2,411,29,64,1.0,20.0
130,3711,2274,0,16,6,2,412,29,64,1.0,21.0
131,3711,2274,0,12,6,2,413,29,64,1.0,22.0
132,3711,2274,0,14,6,2,414,29,64,1.0,23.0
133,3711,2274,0,10,6,2,415,29,64,1.0,24.0
134,3711,2274,0,12,6,2,416,29,64,1.0,25.0
135,3711,2273,0,8,6,2,417,29,64,1.0,26.0
136,3711,2273,0,4,6,2,418,29,64,1.0,27.0
137,3711,2273,0,6,6,2,419,29,64,1.0,28.0
138,3711,2273,0,2,6,2,420,29,64,1.0,29.0
139,3711,2273,0,0,6,2,421,29,64,0.0,29.0
140,3711,2273,0,2,6,2,422,29,64,1.0,30.0
141,3711,2273,0,4,6,2,423,29,64,1.0,31.0
142,3711,2273,0,0,6,2,424,29,64,0.0,31.0
143,3711,2273,0,2,6,2,425,29,64,1.0,32.0
144,3711,2273,0,0,6,2,426,29,64,0.0,32.0
145,3711,2273,0,0,6,2,427,29,64,0.0,32.0
146,3711,2273,0,2,6,2,428,29,64,1.0,33.0
147,3711,2273,0,4,6,2,429,29,64,1.0,34.0
148,3711,2273,0,6,6,2,430,29,64,1.0,35.0
149,3711,2273,0,8,6,2,431,29,64,1.0,36.0
150,3711,2273,0,10,6,2,432,29,64,1.0,37.0
151,3711,2273,0,6,6,2,433,29,64,1.0,38.0
152,3711,2273,0,8,6,2,434,29,64,1.0,39.0
153,3711,2273,0,10,6,2,435,29,64,1.0,40.0
154,3711,2272,0,6,6,2,436,29,64,1.0,41.0
155,3711,2272,0,2,6,2,437,29,64,1.0,42.0
156,3711,2272,0,4,6,2,438,29,64,1.0,43.0
157,3711,2272,0,6,6,2,439,29,64,1.0,44.0
158,3711,2272,0,8,6,2,440,29,64,1.0,45.0
159,3711,2272,0,10,6,2,441,29,64,1.0,46.0
160,3711,2272,0,12,6,2,442,29,64,1.0,47.0
161,3711,2272,0,14,6,2,443,29,64,1.0,48.0
162,3711,2272,0,10,6,2,444,29,64,1.0,49.0
163,3711,2271,0,6,6,2,445,29,64,1.0,50.0
164,3711,2271,0,2,6,2,446,29,64,1.0,51.0
165,3711,2271,0,4,6,2,447,29,64,1.0,52.0
166,3711,2271,0,6,6,2,448,29,64,1.0,53.0
167,3711,2271,0,2,6,2,449,29,64,1.0,54.0
168,3711,2271,0,0,6,2,450,29,64,0.0,54.0
169,3711,2271,0,0,6,2,451,29,64,0.0,54.0
170,3711,2271,0,2,6,2,452,29,64,1.0,55.0
171,3711,2271,0,4,6,2,453,29,64,1.0,56.0
172,3711,2271,0,6,6,2,454,29,64,1.0,57.0
173,3711,2271,0,8,6,2,455,29,64,1.0,58.0
174,3711,2271,0,4,6,2,456,29,64,1.0,59.0
175,3711,2271,0,6,6,2,457,29,64,1.0,60.0
176,3711,2271,0,8,6,2,458,29,64,1.0,61.0
177,3711,2271,0,10,6,2,459,29,64,1.0,62.0
178,3711,2271,0,12,6,2,460,29,64,1.0,63.0
179,3711,2270,0,14,6,2,461,29,64,1.0,64.0
180,3711,2270,0,10,6,2,462,29,64,1.0,65.0
181,3711,2270,0,12,6,2,463,29,64,1.0,66.0
182,3711,2270,0,8,6,2,464,29,64,1.0,67.0
183,3711,2270,0,4,6,2,465,29,64,1.0,68.0
184,3711,2270,0,6,6,2,466,29,64,1.0,69.0
185,3711,2270,0,8,6,2,467,29,64,1.0,70.0
186,3711,2270,0,10,6,2,468,29,64,1.0,71.0
187,3711,2269,0,6,6,2,469,29,64,1.0,72.0
188,3711,2269,0,8,6,2,470,29,64,1.0,73.0
189,3711,2269,0,4,6,2,471,29,64,1.0,74.0
190,3711,2269,0,0,6,2,472,29,64,0.0,74.0
191,3711,2269,0,2,6,2,473,29,64,1.0,75.0
192,3711,2269,0,4,6,2,474,29,64,1.0,76.0
193,3711,2269,0,6,6,2,475,29,64,1.0,77.0
194,3711,2269,0,8,6,2,476,29,64,1.0,78.0
195,3711,2269,0,10,6,2,477,29,64,1.0,79.0
196,3711,2269,0,12,6,2,478,29,64,1.0,80.0
197,3711,2269,0,14,6,2,479,29,64,1.0,81.0
198,3711,2268,0,16,6,2,480,29,64,1.0,82.0
199,3711,2268,0,18,6,2,481,29,64,1.0,83.0
200,3711,2268,0,20,6,2,482,29,64,1.0,84.0
201,3711,2268,0,22,6,2,483,29,64,1.0,85.0
202,3711,2267,0,24,6,2,484,29,64,1.0,86.0
203,3711,2267,0,26,6,2,485,29,64,1.0,87.0
204,3711,2266,0,28,6,2,486,29,64,1.0,88.0
205,3711,2266,0,24,6,2,487,29,64,1.0,89.0
206,3711,2266,0,20,6,2,488,29,64,1.0,90.0
207,3711,2265,0,22,6,2,489,29,64,1.0,91.0
208,3711,2265,0,24,6,2,490,29,64,1.0,92.0
209,3711,2265,0,20,6,2,491,29,64,1.0,93.0
210,3711,2264,0,22,6,2,492,29,64,1.0,94.0
211,3711,2264,0,24,6,2,493,29,64,1.0,95.0
212,3711,2264,0,26,6,2,494,29,64,1.0,96.0
213,3711,2263,1,22,6,2,495,29,64,1.0,97.0
214,3711,2263,1,24,6,2,496,29,64,1.0,98.0
215,3711,2263,1,26,6,2,497,29,64,1.0,99.0
216,3711,2262,1,28,6,2,498,29,64,1.0,100.0
217,3711,2262,0,24,6,2,499,29,64,1.0,101.0
218,3711,2261,0,26,6,2,500,29,64,1.0,102.0
219,3711,2261,0,22,6,2,501,29,64,1.0,103.0
220,3711,2261,0,24,6,2,502,29,64,1.0,104.0
221,3711,2260,0,20,6,2,503,29,64,1.0,105.0
222,3711,2260,1,16,6,2,504,29,64,1.0,106.0
223,3711,2260,1,18,6,2,505,29,64,1.0,107.0
224,3711,2260,1,14,6,2,506,29,64,1.0,108.0
225,3711,2259,1,16,6,2,507,29,64,1.0,109.0
226,3711,2259,1,12,6,2,508,29,64,1.0,110.0
227,3711,2259,1,14,6,2,509,29,64,1.0,111.0
228,3711,2259,1,16,6,2,510,29,64,1.0,112.0
229,3711,2259,1,12,6,2,511,29,64,1.0,113.0
230,3711,2258,1,14,6,2,512,29,64,1.0,114.0
231,3711,2258,1,16,6,2,513,29,64,1.0,115.0
232,3711,2258,1,18,6,2,514,29,64,1.0,116.0
233,3711,2258,1,20,6,2,515,29,64,1.0,117.0
234,3711,2257,1,22,6,2,516,29,64,1.0,118.0
235,3711,2257,1,18,6,2,517,29,64,1.0,119.0
236,3711,2257,1,20,6,2,518,29,64,1.0,120.0
237,3711,2257,1,22,6,2,519,29,64,1.0,121.0
238,3711,2256,1,18,6,2,520,29,64,1.0,122.0
239,3711,2256,0,20,6,2,521,29,64,1.0,123.0
240,3711,2256,0,22,6,2,522,29,64,1.0,124.0
241,3711,2255,1,24,6,2,523,29,64,1.0,125.0
242,3711,2255,1,26,6,2,524,29,64,1.0,126.0
243,3711,2255,1,22,6,2,525,29,64,1.0,127.0
244,3711,2254,1,24,6,2,526,29,64,1.0,128.0
245,3711,2254,1,26,6,2,527,29,64,1.0,129.0
246,3711,2253,1,28,6,2,528,29,64,1.0,130.0
247,3711,2253,1,30,6,2,529,29,64,1.0,131.0
248,3711,2253,1,32,6,2,530,29,64,1.0,132.0
249,3711,2252,1,28,6,2,531,29,64,1.0,133.0
250,3711,2252,1,30,6,2,532,29,64,1.0,134.0
251,3711,2251,1,26,6,2,533,29,64,1.0,135.0
252,3711,2251,1,28,6,2,534,29,64,1.0,136.0
253,3711,2250,1,30,6,2,535,29,64,1.0,137.0
254,3711,2250,1,26,6,2,536,29,64,1.0,138.0
255,3711,2250,1,22,6,2,537,29,64,1.0,139.0
256,3711,2249,1,18,6,2,538,29,64,1.0,140.0
257,3711,2249,1,20,6,2,539,29,64,1.0,141.0
258,3711,2249,1,22,6,2,540,29,64,1.0,142.0
259,3711,2248,1,18,6,2,541,29,64,1.0,143.0
260,3711,2248,1,20,6,2,542,29,64,1.0,144.0
261,3711,2248,1,22,6,2,543,29,64,1.0,145.0
262,3711,2247,1,24,6,2,544,29,64,1.0,146.0
263,3711,2247,1,20,6,2,545,29,64,1.0,147.0
264,3711,2247,1,22,6,2,546,29,64,1.0,148.0
265,3711,2246,1,18,6,2,547,29,64,1.0,149.0
266,3711,2246,1,20,6,2,548,29,64,1.0,150.0
267,3711,2246,1,22,6,2,549,29,64,1.0,151.0
268,3711,2246,1,24,6,2,550,29,64,1.0,152.0
269,3711,2245,1,20,6,2,551,29,64,1.0,153.0
270,3711,2245,1,16,6,2,552,29,64,1.0,154.0
271,3711,2245,1,12,6,2,553,29,64,1.0,155.0
272,3711,2245,1,14,6,2,554,29,64,1.0,156.0
273,3711,2244,1,16,6,2,555,29,64,1.0,157.0
274,3711,2244,1,12,6,2,556,29,64,1.0,158.0
275,3711,2244,1,14,6,2,557,29,64,1.0,159.0
276,3711,2244,1,16,6,2,558,29,64,1.0,160.0
277,3711,2243,1,18,6,2,559,29,64,1.0,161.0
278,3711,2243,1,20,6,2,560,29,64,1.0,162.0
279,3711,2243,1,22,6,2,561,29,64,1.0,163.0
280,3711,2243,1,18,6,2,562,29,64,1.0,164.0
281,3711,2242,1,20,6,2,563,29,64,1.0,165.0
282,3711,2242,1,16,6,2,564,29,64,1.0,166.0
283,3711,2242,1,18,6,2,565,29,64,1.0,167.0
284,3711,2242,1,20,6,2,566,29,64,1.0,168.0
285,3711,2241,1,22,6,2,567,29,64,1.0,169.0
286,3711,2241,1,24,6,2,568,29,64,1.0,170.0
287,3711,2241,1,20,6,2,569,29,64,1.0,171.0
288,3711,2240,1,22,6,2,570,29,64,1.0,172.0
289,3711,2240,1,24,6,2,571,29,64,1.0,173.0
290,3711,2240,1,26,6,2,572,29,64,1.0,174.0
291,3711,2239,1,28,6,2,573,0,64,1.0,175.0
292,3711,2239,1,30,6,2,574,0,64,1.0,176.0
293,3711,2238,1,26,6,2,575,0,64,1.0,177.0
294,3711,2238,1,28,6,2,576,0,64,1.0,178.0
295,3711,2237,1,24,6,2,577,0,64,1.0,179.0
296,3711,2237,1,26,6,2,578,0,64,1.0,180.0
297,3711,2237,1,22,6,2,579,0,64,1.0,181.0
298,3711,2236,1,24,6,2,580,0,64,1.0,182.0
299,3711,2236,1,26,6,2,581,0,64,1.0,183.0
300,3711,2236,1,22,6,2,582,0,64,1.0,184.0
301,3711,2235,1,24,6,2,583,0,64,1.0,185.0
302,3711,2235,1,26,6,2,584,0,64,1.0,186.0
303,3711,2235,1,28,6,2,585,0,64,1.0,187.0
304,3711,2234,1,24,6,2,586,0,64,1.0,188.0
305,3711,2234,1,26,6,2,587,0,64,1.0,189.0
306,3711,2233,1,22,6,2,588,0,64,1.0,190.0
307,3711,2233,1,18,6,2,589,0,64,1.0,191.0
308,3711,2233,1,14,6,2,590,0,64,1.0,192.0
309,3711,2233,1,10,6,2,591,0,64,1.0,193.0
310,3711,2232,1,12,6,2,592,0,64,1.0,194.0
311,3711,2232,1,8,6,2,593,0,64,1.0,195.0
312,3711,2232,1,10,6,2,594,0,64,1.0,196.0
313,3711,2232,1,12,6,2,595,0,64,1.0,197.0
314,3711,2232,1,8,6,2,596,0,64,1.0,198.0
315,3711,2232,1,4,6,2,597,0,64,1.0,199.0
316,3711,2232,1,0,6,2,598,0,64,0.0,199.0
317,3711,2232,1,2,6,2,599,0,64,1.0,200.0
318,3711,2232,1,4,6,2,600,0,64,1.0,201.0
319,3711,2232,1,6,6,2,601,0,64,1.0,202.0
320,3711,2232,1,2,6,2,602,0,64,1.0,203.0
321,3711,2232,1,0,6,2,603,0,64,0.0,203.0
322,3711,2232,1,2,6,2,604,0,64,1.0,204.0
323,3711,2232,1,4,6,2,605,0,64,1.0,205.0
324,3711,2231,1,0,6,2,606,0,64,0.0,205.0
325,3711,2231,1,2,6,2,607,0,64,1.0,206.0
326,3711,2231,1,0,6,2,608,0,64,0.0,206.0
327,3711,2231,1,2,6,2,609,0,64,1.0,207.0
328,3711,2231,1,0,6,2,610,0,64,0.0,207.0
329,3711,2231,1,2,6,2,611,0,64,1.0,208.0
330,3711,2231,1,4,6,2,612,0,64,1.0,209.0
331,3711,2231,1,6,6,2,613,0,64,1.0,210.0
332,3711,2231,1,8,6,2,614,0,64,1.0,211.0
333,3711,2231,1,10,6,2,615,0,64,1.0,212.0
334,3711,2231,1,12,6,2,616,0,64,1.0,213.0
335,3711,2231,1,14,6,2,617,0,64,1.0,214.0
336,3711,2231,1,16,6,2,618,0,64,1.0,215.0
337,3711,2230,1,18,6,2,619,0,64,1.0,216.0
338,3711,2230,1,20,6,2,620,0,64,1.0,217.0
339,3711,2230,1,22,6,2,621,0,64,1.0,218.0
340,3711,2230,1,24,6,2,622,0,64,1.0,219.0
341,3711,2229,1,20,6,2,623,0,64,1.0,220.0
342,3711,2229,1,16,6,2,624,0,64,1.0,221.0
343,3711,2229,1,18,6,2,625,0,64,1.0,222.0
344,3711,2228,1,20,6,2,626,0,64,1.0,223.0
345,3711,2228,1,22,6,2,627,0,64,1.0,224.0
346,3711,2228,1,24,6,2,628,0,64,1.0,225.0
347,3711,2227,1,26,6,2,629,0,64,1.0,226.0
348,3711,2227,1,22,6,2,630,0,64,1.0,227.0
349,3711,2227,1,18,6,2,631,0,64,1.0,228.0
350,3711,2226,1,14,6,2,632,0,64,1.0,229.0
351,3711,2226,1,10,6,2,633,0,64,1.0,230.0
352,3711,2226,1,12,6,2,634,0,64,1.0,231.0
353,3711,2226,1,14,6,2,635,0,64,1.0,232.0
354,3711,2226,1,16,6,2,636,0,64,1.0,233.0
355,3711,2225,1,12,6,2,637,0,64,1.0,234.0
356,3711,2225,1,8,6,2,638,0,64,1.0,235.0
357,3711,2225,1,10,6,2,639,0,64,1.0,236.0
358,3711,2225,1,12,6,2,640,0,64,1.0,237.0
359,3711,2225,1,14,6,2,641,0,64,1.0,238.0
360,3711,2225,1,16,6,2,642,0,64,1.0,239.0
361,3711,2224,1,18,6,2,643,0,64,1.0,240.0
362,3711,2224,1,14,6,2,644,0,64,1.0,241.0
363,3711,2224,1,16,6,2,645,0,64,1.0,242.0
364,3711,2224,1,18,6,2,646,0,64,1.0,243.0
365,3711,2223,1,20,6,2,647,0,64,1.0,244.0
366,3711,2223,1,22,6,2,648,0,64,1.0,245.0
367,3711,2223,1,24,6,2,649,0,64,1.0,246.0
368,3711,2223,1,20,6,2,650,0,64,1.0,247.0
369,3711,2222,1,16,6,2,651,0,64,1.0,248.0
370,3711,2222,1,18,6,2,652,0,64,1.0,249.0
371,3711,2222,1,20,6,2,653,0,64,1.0,250.0
372,3711,2221,1,16,6,2,654,0,64,1.0,251.0
373,3711,2221,1,18,6,2,655,0,64,1.0,252.0
374,3711,2221,1,20,6,2,656,0,64,1.0,253.0
375,3711,2221,1,22,6,2,657,0,64,1.0,254.0
376,3711,2220,1,24,6,2,658,0,64,1.0,255.0
377,3711,2220,1,20,6,2,659,0,64,1.0,256.0
378,3711,2220,1,22,6,2,660,0,64,1.0,257.0
379,3711,2219,1,18,6,2,661,0,64,1.0,258.0
380,3711,2219,1,20,6,2,662,0,64,1.0,259.0
381,3711,2219,0,22,6,2,663,0,64,1.0,260.0
382,3711,2218,0,24,6,2,664,0,64,1.0,261.0
383,3711,2218,0,20,6,2,665,0,64,1.0,262.0
384,3711,2218,0,22,6,2,666,0,64,1.0,263.0
385,3711,2217,0,24,6,2,667,0,64,1.0,264.0
386,3711,2217,0,20,6,2,668,0,64,1.0,265.0
387,3711,2217,0,22,6,2,669,0,64,1.0,266.0
388,3711,2216,0,24,6,2,670,0,64,1.0,267.0
389,3711,2216,0,20,6,2,671,0,64,1.0,268.0
390,3711,2216,0,22,6,2,672,0,64,1.0,269.0
391,3711,2215,0,24,6,2,673,0,64,1.0,270.0
392,3711,2215,0,20,6,2,674,0,64,1.0,271.0
393,3711,2215,1,16,6,2,675,0,64,1.0,272.0
394,3711,2215,1,18,6,2,676,0,64,1.0,273.0
395,3711,2214,1,20,6,2,677,0,64,1.0,274.0
396,3711,2214,1,22,6,2,678,0,64,1.0,275.0
397,3711,2214,1,24,6,2,679,0,64,1.0,276.0
398,3711,2213,1,20,6,2,680,0,64,1.0,277.0
399,3711,2213,1,22,6,2,681,0,64,1.0,278.0
400,3711,2213,1,18,6,2,682,0,64,1.0,279.0
401,3711,2212,0,14,6,2,683,0,64,1.0,280.0
402,3711,2212,0,16,6,2,684,0,64,1.0,281.0
403,3711,2212,0,18,6,2,685,0,64,1.0,282.0
404,3711,2212,0,20,6,2,686,0,64,1.0,283.0
405,3711,2211,0,16,6,2,687,0,64,1.0,284.0
406,3711,2211,0,18,6,2,688,0,64,1.0,285.0
407,3711,2211,0,20,6,2,689,0,64,1.0,286.0
408,3711,2211,0,22,6,2,690,0,64,1.0,287.0
409,3711,2210,0,24,6,2,691,0,64,1.0,288.0
410,3711,2210,0,26,6,2,692,0,64,1.0,289.0
411,3711,2210,0,22,6,2,693,0,64,1.0,290.0
412,3711,2209,0,18,6,2,694,0,64,1.0,291.0
413,3711,2209,0,20,6,2,695,0,64,1.0,292.0
414,3711,2209,0,16,6,2,696,0,64,1.0,293.0
415,3711,2208,0,18,6,2,697,0,64,1.0,294.0
416,3711,2208,0,14,6,2,698,0,64,1.0,295.0
417,3711,2208,0,16,6,2,699,0,64,1.0,296.0
418,3711,2208,0,18,6,2,700,0,64,1.0,297.0
419,3711,2207,0,14,6,2,701,0,64,1.0,298.0
420,3711,2207,0,16,6,2,702,0,64,1.0,299.0
421,3711,2207,0,18,6,2,703,0,64,1.0,300.0
422,3711,2207,0,20,6,2,704,0,64,1.0,301.0
423,3711,2206,0,22,6,2,705,0,64,1.0,302.0
424,3711,2206,0,24,6,2,706,0,64,1.0,303.0
425,3711,2206,0,26,6,2,707,0,64,1.0,304.0
426,3711,2205,0,28,6,2,708,0,64,1.0,305.0
427,3711,2205,0,30,6,2,709,0,64,1.0,306.0
428,3711,2205,0,26,6,2,710,0,64,1.0,307.0
429,3711,2204,0,28,6,2,711,0,64,1.0,308.0
430,3711,2204,0,30,6,2,712,0,64,1.0,309.0
431,3711,2203,0,32,6,2,713,0,64,1.0,310.0
432,3711,2203,0,34,6,2,714,0,64,1.0,311.0
433,3711,2202,0,36,6,2,715,0,64,1.0,312.0
434,3711,2202,0,32,6,2,716,0,64,1.0,313.0
435,3711,2201,0,28,6,2,717,0,64,1.0,314.0
436,3711,2201,0,24,6,2,718,0,64,1.0,315.0
437,3711,2200,0,26,6,2,719,0,64,1.0,316.0
438,3711,2200,0,22,6,2,720,0,64,1.0,317.0
439,3711,2200,0,18,6,2,721,0,64,1.0,318.0
440,3711,2199,0,20,6,2,722,0,64,1.0,319.0
441,3711,2199,0,16,6,2,723,0,64,1.0,320.0
442,3711,2199,0,12,6,2,724,0,64,1.0,321.0
443,3711,2199,0,14,6,2,725,0,64,1.0,322.0
444,3711,2199,0,16,6,2,726,0,64,1.0,323.0
445,3711,2198,0,18,6,2,727,0,64,1.0,324.0
446,3711,2198,0,14,6,2,728,0,64,1.0,325.0
447,3711,2198,0,10,6,2,729,0,64,1.0,326.0
448,3711,2198,0,6,6,2,730,0,64,1.0,327.0
449,3711,2198,0,8,6,2,731,0,64,1.0,328.0
450,3711,2198,0,10,6,2,732,0,64,1.0,329.0
451,3711,2197,0,12,6,2,733,0,64,1.0,330.0
452,3711,2197,0,14,6,2,734,0,64,1.0,331.0
453,3711,2197,0,16,6,2,735,0,64,1.0,332.0
454,3711,2197,0,12,6,2,736,0,64,1.0,333.0
455,3711,2197,0,14,6,2,737,0,64,1.0,334.0
456,3711,2196,0,10,6,2,738,0,64,1.0,335.0
457,3711,2196,0,12,6,2,739,0,64,1.0,336.0
458,3711,2196,0,14,6,2,740,0,64,1.0,337.0
459,3711,2196,0,10,6,2,741,0,64,1.0,338.0
460,3711,2196,0,12,6,2,742,0,64,1.0,339.0
461,3711,2196,0,8,6,2,743,0,64,1.0,340.0
462,3711,2195,0,10,6,2,744,0,64,1.0,341.0
463,3711,2195,0,12,6,2,745,0,64,1.0,342.0
464,3711,2195,0,14,6,2,746,0,64,1.0,343.0
465,3711,2195,0,16,6,2,747,0,64,1.0,344.0
466,3711,2195,0,18,6,2,748,0,64,1.0,345.0
467,3711,2194,0,20,6,2,749,0,64,1.0,346.0
468,3711,2194,0,16,6,2,750,0,64,1.0,347.0
469,3711,2194,0,18,6,2,751,0,64,1.0,348.0
470,3711,2194,0,20,6,2,752,0,64,1.0,349.0
471,3711,2193,0,16,6,2,753,0,64,1.0,350.0
472,3711,2193,0,12,6,2,754,0,64,1.0,351.0
473,3711,2193,0,8,6,2,755,0,64,1.0,352.0
474,3711,2193,0,10,6,2,756,0,64,1.0,353.0
475,3711,2193,0,12,6,2,757,0,64,1.0,354.0
476,3711,2193,0,14,6,2,758,0,64,1.0,355.0
477,3711,2192,0,16,6,2,759,0,64,1.0,356.0
478,3711,2192,0,12,6,2,760,0,64,1.0,357.0
479,3711,2192,0,14,6,2,761,0,64,1.0,358.0
480,3711,2192,0,16,6,2,762,0,64,1.0,359.0
481,3711,2191,0,18,6,2,763,0,64,1.0,360.0
482,3711,2191,0,14,6,2,764,0,64,1.0,361.0
483,3711,2191,0,10,6,2,765,0,64,1.0,362.0
484,3711,2191,0,12,6,2,766,0,64,1.0,363.0
485,3711,2191,0,14,6,2,767,0,64,1.0,364.0
486,3711,2190,0,16,6,2,768,0,64,1.0,365.0
487,3711,2190,0,18,6,2,769,0,64,1.0,366.0
488,3711,2190,0,20,6,2,770,0,64,1.0,367.0
489,3711,2190,0,22,6,2,771,0,64,1.0,368.0
490,3711,2189,0,18,6,2,772,0,64,1.0,369.0
491,3711,2189,0,20,6,2,773,0,64,1.0,370.0
492,3711,2189,0,16,6,2,774,0,64,1.0,371.0
493,3711,2189,0,18,6,2,775,0,64,1.0,372.0
494,3711,2188,0,14,6,2,776,0,64,1.0,373.0
495,3711,2188,0,10,6,2,777,0,64,1.0,374.0
496,3711,2188,0,6,6,2,778,0,64,1.0,375.0
497,3711,2188,0,2,6,2,779,0,64,1.0,376.0
498,3711,2188,0,0,6,2,780,0,64,0.0,376.0
499,3711,2188,0,2,6,2,781,0,64,1.0,377.0
500,3711,2188,0,4,6,2,782,0,64,1.0,378.0
501,3711,2188,0,6,6,2,783,0,64,1.0,379.0
502,3711,2188,0,8,6,2,784,0,64,1.0,380.0
503,3711,2188,0,4,6,2,785,0,64,1.0,381.0
504,3711,2188,0,0,6,2,786,0,64,0.0,381.0
505,3711,2188,0,2,6,2,787,0,64,1.0,382.0
506,3711,2188,0,0,6,2,788,0,64,0.0,382.0
507,3711,2188,0,2,6,2,789,0,64,1.0,383.0
508,3711,2188,0,0,6,2,790,0,64,0.0,383.0
509,3711,2188,0,0,6,2,791,0,64,0.0,383.0
510,3711,2188,0,0,6,2,792,0,64,0.0,383.0
511,3711,2188,0,0,6,2,793,0,64,0.0,383.0
512,3711,2188,0,2,6,2,794,0,64,1.0,384.0
513,3711,2188,0,0,6,2,795,0,64,0.0,384.0
514,3711,2188,0,0,6,2,796,0,64,0.0,384.0
515,3711,2188,0,2,6,2,797,0,64,1.0,385.0
516,3711,2187,0,4,6,2,798,0,64,1.0,386.0
517,3711,2187,0,6,6,2,799,0,64,1.0,387.0
518,3711,2187,0,8,6,2,800,0,64,1.0,388.0
519,3711,2187,0,10,6,2,801,0,64,1.0,389.0
520,3711,2187,0,12,6,2,802,0,64,1.0,390.0
521,3711,2187,0,14,6,2,803,0,64,1.0,391.0
522,3711,2187,0,10,6,2,804,0,64,1.0,392.0
523,3711,2187,0,12,6,2,805,0,64,1.0,393.0
524,3711,2186,0,8,6,2,806,0,64,1.0,394.0
525,3711,2186,0,4,6,2,807,0,64,1.0,395.0
526,3711,2186,0,6,6,2,808,0,64,1.0,396.0
527,3711,2186,0,2,6,2,809,0,64,1.0,397.0
528,3711,2186,0,0,6,2,810,0,64,0.0,397.0
529,3711,2186,0,2,6,2,811,0,64,1.0,398.0
530,3711,2186,0,4,6,2,812,0,64,1.0,399.0
531,3711,2186,0,6,6,2,813,0,64,1.0,400.0
532,3711,2186,0,8,6,2,814,0,64,1.0,401.0
533,3711,2186,0,10,6,2,815,0,64,1.0,402.0
534,3711,2186,0,6,6,2,816,0,64,1.0,403.0
535,3711,2186,0,8,6,2,817,0,64,1.0,404.0
536,3711,2186,0,10,6,2,818,0,64,1.0,405.0
537,3711,2185,0,12,6,2,819,0,64,1.0,406.0
538,3711,2185,0,14,6,2,820,0,64,1.0,407.0
539,3711,2185,0,16,6,2,821,0,64,1.0,408.0
540,3711,2185,0,18,6,2,822,0,64,1.0,409.0
541,3711,2185,0,20,6,2,823,0,64,1.0,410.0
542,3711,2184,0,22,6,2,824,0,64,1.0,411.0
543,3711,2184,0,18,6,2,825,0,64,1.0,412.0
544,3711,2184,0,20,6,2,826,0,64,1.0,413.0
545,3711,2183,0,16,6,2,827,0,64,1.0,414.0
546,3711,2183,0,18,6,2,828,0,64,1.0,415.0
547,3711,2183,0,20,6,2,829,0,64,1.0,416.0
548,3711,2183,0,16,6,2,830,0,64,1.0,417.0
549,3711,2182,0,12,6,2,831,0,64,1.0,418.0
550,3711,2182,0,8,6,2,832,0,64,1.0,419.0
551,3711,2182,0,4,6,2,833,0,64,1.0,420.0
552,3711,2182,0,6,6,2,834,0,64,1.0,421.0
553,3711,2182,0,8,6,2,835,0,64,1.0,422.0
554,3711,2182,0,4,6,2,836,0,64,1.0,423.0
555,3711,2182,0,0,6,2,837,0,64,0.0,423.0
556,3711,2182,0,2,6,2,838,0,64,1.0,424.0
557,3711,2182,0,0,6,2,839,0,64,0.0,424.0
558,3711,2182,0,0,6,2,840,0,64,0.0,424.0
559,3711,2182,0,2,6,2,841,0,64,1.0,425.0
560,3711,2182,0,0,6,2,842,0,64,0.0,425.0
561,3711,2182,0,2,6,2,843,0,64,1.0,426.0
562,3711,2182,0,4,6,2,844,0,64,1.0,427.0
563,3711,2182,0,0,6,2,845,0,64,0.0,427.0
564,3711,2182,0,2,6,2,846,0,64,1.0,428.0
565,3711,2182,0,0,6,2,847,0,64,0.0,428.0
566,3711,2182,0,0,6,2,848,0,64,0.0,428.0
567,3711,2182,0,0,6,2,849,0,64,0.0,428.0
568,3711,2182,0,0,6,2,850,0,64,0.0,428.0
569,3711,2182,0,0,6,2,851,0,64,0.0,428.0
570,3711,2182,0,0,6,2,852,0,64,0.0,428.0
571,3711,2182,0,0,6,2,853,0,64,0.0,428.0
572,3711,2182,0,2,6,2,854,0,64,1.0,429.0
573,3711,2182,0,0,6,2,855,0,64,0.0,429.0
574,3711,2182,0,0,6,2,856,0,64,0.0,429.0
575,3711,2182,0,2,6,2,857,0,64,1.0,430.0
576,3711,2182,0,0,6,2,858,0,64,0.0,430.0
577,3711,2182,0,2,6,2,859,0,64,1.0,431.0
578,3711,2182,0,0,6,2,860,0,64,0.0,431.0
579,3711,2182,0,2,6,2,861,0,64,1.0,432.0
580,3711,2182,0,4,6,2,862,0,64,1.0,433.0
581,3711,2182,0,6,6,2,863,0,64,1.0,434.0
582,3711,2182,0,2,6,2,864,0,64,1.0,435.0
583,3710,2181,0,4,6,2,865,0,64,1.0,436.0
584,3710,2181,0,6,6,2,866,0,64,1.0,437.0
585,3710,2181,0,8,6,2,867,0,64,1.0,438.0
586,3710,2181,0,10,6,2,868,0,64,1.0,439.0
587,3710,2181,0,12,6,2,869,0,64,1.0,440.0
588,3710,2181,0,8,6,2,870,0,64,1.0,441.0
589,3710,2181,0,4,6,2,871,0,64,1.0,442.0
590,3710,2181,0,6,6,2,872,0,64,1.0,443.0
591,3710,2181,0,2,6,2,873,0,64,1.0,444.0
592,3710,2181,0,4,6,2,874,0,64,1.0,445.0
593,3710,2181,0,0,6,2,875,0,64,0.0,445.0
594,3710,2181,0,0,6,2,876,0,64,0.0,445.0
595,3710,2181,0,0,6,2,877,0,64,0.0,445.0
596,3710,2181,0,2,6,2,878,0,64,1.0,446.0
597,3710,2181,0,0,6,2,879,0,64,0.0,446.0
598,3710,2181,0,0,6,2,880,0,64,0.0,446.0
599,3710,2181,0,0,6,2,881,0,64,0.0,446.0
600,3710,2181,0,2,6,2,882,0,64,1.0,447.0
601,3710,2181,0,0,6,2,883,0,64,0.0,447.0
602,3710,2181,0,2,6,2,884,0,64,1.0,448.0
603,3710,2181,0,4,6,2,885,0,64,1.0,449.0
604,3710,2181,0,6,6,2,886,0,64,1.0,450.0
605,3710,2180,0,8,6,2,887,0,64,1.0,451.0
606,3710,2180,0,4,6,2,888,0,64,1.0,452.0
607,3710,2180,0,6,6,2,889,0,64,1.0,453.0
608,3710,2180,0,8,6,2,890,0,64,1.0,454.0
609,3710,2180,0,10,6,2,891,0,64,1.0,455.0
610,3710,2180,0,12,6,2,892,0,64,1.0,456.0
611,3710,2180,0,14,6,2,893,0,64,1.0,457.0
612,3710,2180,0,10,6,2,894,0,64,1.0,458.0
613,3710,2179,0,12,6,2,895,0,64,1.0,459.0
614,3710,2179,0,14,6,2,896,0,64,1.0,460.0
615,3710,2179,0,16,6,2,897,0,64,1.0,461.0
616,3710,2179,0,18,6,2,898,0,64,1.0,462.0
617,3710,2179,0,20,6,2,899,0,64,1.0,463.0
618,3710,2178,0,22,6,2,900,0,64,1.0,464.0
619,3710,2178,0,24,6,2,901,0,64,1.0,465.0
620,3710,2178,0,26,6,2,902,0,64,1.0,466.0
621,3710,2177,0,22,6,2,903,0,64,1.0,467.0
622,3710,2177,0,24,6,2,904,0,64,1.0,468.0
623,3710,2177,0,26,6,2,905,0,64,1.0,469.0
624,3710,2176,0,28,6,2,906,0,64,1.0,470.0
625,3710,2176,0,24,6,2,907,0,64,1.0,471.0
626,3710,2175,0,20,6,2,908,0,64,1.0,472.0
627,3710,2175,0,22,6,2,909,0,64,1.0,473.0
628,3710,2175,0,24,6,2,910,0,64,1.0,474.0
629,3710,2174,0,20,6,2,911,0,64,1.0,475.0
630,3710,2174,0,16,6,2,912,0,64,1.0,476.0
631,3710,2174,0,18,6,2,913,0,64,1.0,477.0
632,3710,2174,0,14,6,2,914,0,64,1.0,478.0
633,3710,2173,0,16,6,2,915,0,64,1.0,479.0
634,3710,2173,0,12,6,2,916,0,64,1.0,480.0
635,3710,2173,0,14,6,2,917,0,64,1.0,481.0
636,3710,2173,0,16,6,2,918,0,64,1.0,482.0
637,3710,2173,0,12,6,2,919,0,64,1.0,483.0
638,3710,2172,0,8,6,2,920,0,64,1.0,484.0
639,3710,2172,0,10,6,2,921,0,64,1.0,485.0
640,3710,2172,0,6,6,2,922,0,64,1.0,486.0
641,3710,2172,0,8,6,2,923,0,64,1.0,487.0
642,3710,2172,0,10,6,2,924,0,64,1.0,488.0
643,3710,2172,0,12,6,2,925,0,64,1.0,489.0
644,3710,2172,0,8,6,2,926,0,64,1.0,490.0
645,3710,2172,0,10,6,2,927,0,64,1.0,491.0
646,3710,2171,0,12,6,2,928,0,64,1.0,492.0
647,3710,2171,0,14,6,2,929,0,64,1.0,493.0
648,3710,2171,0,10,6,2,930,0,64,1.0,494.0
649,3710,2171,0,6,6,2,931,0,64,1.0,495.0
650,3710,2171,0,8,6,2,932,0,64,1.0,496.0
651,3710,2171,0,10,6,2,933,0,64,1.0,497.0
652,3710,2171,0,12,6,2,934,0,64,1.0,498.0
653,3710,2170,0,14,6,2,935,0,64,1.0,499.0
654,3710,2170,0,10,6,2,936,0,64,1.0,500.0
655,3710,2170,0,12,6,2,937,0,64,1.0,501.0
656,3710,2170,0,14,6,2,938,0,64,1.0,502.0
657,3710,2170,0,16,6,2,939,0,64,1.0,503.0
658,3710,2169,0,12,6,2,940,0,64,1.0,504.0
659,3710,2169,0,14,6,2,941,0,64,1.0,505.0
660,3710,2169,0,10,6,2,942,0,64,1.0,506.0
661,3710,2169,0,12,6,2,943,0,64,1.0,507.0
662,3710,2169,0,14,6,2,944,0,64,1.0,508.0
663,3710,2169,0,16,6,2,945,0,64,1.0,509.0
664,3710,2168,0,12,6,2,946,0,64,1.0,510.0
665,3710,2168,0,8,6,2,947,0,64,1.0,511.0
666,3710,2168,0,10,6,2,948,0,64,1.0,512.0
667,3710,2168,0,12,6,2,949,0,64,1.0,513.0
668,3710,2168,0,14,6,2,950,0,64,1.0,514.0
669,3710,2167,0,10,6,2,951,0,64,1.0,515.0
670,3710,2167,0,12,6,2,952,0,64,1.0,516.0
671,3710,2167,0,14,6,2,953,0,64,1.0,517.0
672,3710,2167,0,16,6,2,954,0,64,1.0,518.0
673,3710,2167,0,18,6,2,955,0,64,1.0,519.0
674,3710,2166,0,14,6,2,956,0,64,1.0,520.0
675,3710,2166,0,16,6,2,957,0,64,1.0,521.0
676,3710,2166,0,18,6,2,958,0,64,1.0,522.0
677,3710,2166,0,14,6,2,959,0,64,1.0,523.0
678,3710,2166,0,10,6,2,960,0,64,1.0,524.0
679,3710,2165,0,12,6,2,961,0,64,1.0,525.0
680,3710,2165,0,14,6,2,962,0,64,1.0,526.0
681,3710,2165,0,16,6,2,963,0,64,1.0,527.0
682,3710,2165,0,12,6,2,964,0,64,1.0,528.0
683,3710,2165,0,14,6,2,965,0,64,1.0,529.0
684,3710,2164,0,16,6,2,966,0,64,1.0,530.0
685,3710,2164,0,18,6,2,967,0,64,1.0,531.0
686,3710,2164,0,20,6,2,968,0,64,1.0,532.0
687,3710,2164,0,16,6,2,969,0,64,1.0,533.0
688,3710,2163,0,18,6,2,970,0,64,1.0,534.0
689,3710,2163,0,14,6,2,971,0,64,1.0,535.0
690,3710,2163,0,10,6,2,972,0,64,1.0,536.0
691,3710,2163,0,12,6,2,973,0,64,1.0,537.0
692,3710,2163,0,14,6,2,974,0,64,1.0,538.0
693,3710,2162,0,16,6,2,975,0,64,1.0,539.0
694,3710,2162,0,12,6,2,976,0,64,1.0,540.0
695,3710,2162,0,8,6,2,977,0,64,1.0,541.0
696,3710,2162,0,4,6,2,978,0,64,1.0,542.0
697,3710,2162,0,6,6,2,979,0,64,1.0,543.0
698,3710,2162,0,2,6,2,980,0,64,1.0,544.0
699,3710,2162,0,4,6,2,981,0,64,1.0,545.0
700,3710,2162,0,0,6,2,982,0,64,0.0,545.0
701,3710,2162,0,2,6,2,983,0,64,1.0,546.0
702,3710,2162,0,0,6,2,984,0,64,0.0,546.0
703,3710,2162,0,0,6,2,985,0,64,0.0,546.0
704,3710,2162,0,2,6,2,986,0,64,1.0,547.0
705,3710,2162,0,4,6,2,987,0,64,1.0,548.0
706,3710,2162,0,6,6,2,988,0,64,1.0,549.0
707,3710,2162,0,8,6,2,989,0,64,1.0,550.0
708,3710,2161,0,4,6,2,990,0,64,1.0,551.0
709,3710,2161,0,0,6,2,991,0,64,0.0,551.0
710,3710,2161,0,2,6,2,992,0,64,1.0,552.0
711,3710,2161,0,4,6,2,993,0,64,1.0,553.0
712,3710,2161,0,6,6,2,994,0,64,1.0,554.0
713,3710,2161,0,2,6,2,995,0,64,1.0,555.0
714,3710,2161,0,4,6,2,996,0,64,1.0,556.0
715,3710,2161,0,0,6,2,997,0,64,0.0,556.0
716,3710,2161,0,0,6,2,998,0,64,0.0,556.0
717,3710,2161,0,2,6,2,999,0,64,1.0,557.0
718,3710,2161,0,4,6,2,1000,0,64,1.0,558.0
719,3710,2161,0,6,6,2,1001,0,64,1.0,559.0
720,3710,2161,0,8,6,2,1002,0,64,1.0,560.0
721,3710,2161,0,4,6,2,1003,0,64,1.0,561.0
722,3710,2161,0,6,6,2,1004,0,64,1.0,562.0
723,3710,2161,0,2,6,2,1005,0,64,1.0,563.0
724,3710,2161,0,4,6,2,1006,0,64,1.0,564.0
725,3710,2161,0,0,6,2,1007,0,64,0.0,564.0
726,3710,2161,0,2,6,2,1008,0,64,1.0,565.0
727,3710,2161,0,0,6,2,1009,0,64,0.0,565.0
728,3710,2161,0,0,6,2,1010,0,64,0.0,565.0
729,3710,2161,0,2,6,2,1011,0,64,1.0,566.0
730,3710,2161,0,0,6,2,1012,0,64,0.0,566.0
731,3710,2161,0,2,6,2,1013,0,64,1.0,567.0
732,3710,2161,0,4,6,2,1014,0,64,1.0,568.0
733,3710,2161,0,6,6,2,1015,0,64,1.0,569.0
734,3710,2161,0,8,6,2,1016,0,64,1.0,570.0
735,3710,2160,0,10,6,2,1017,0,64,1.0,571.0
736,3710,2160,0,12,6,2,1018,0,64,1.0,572.0
737,3710,2160,0,14,6,2,1019,0,64,1.0,573.0
738,3710,2160,0,10,6,2,1020,0,64,1.0,574.0
739,3710,2160,0,12,6,2,1021,0,64,1.0,575.0
740,3710,2160,0,14,6,2,1022,0,64,1.0,576.0
741,3710,2159,0,10,6,2,1023,0,64,1.0,577.0
742,3710,2159,0,12,6,2,1024,0,64,1.0,578.0
743,3710,2159,0,14,6,2,1025,0,64,1.0,579.0
744,3710,2159,0,10,6,2,1026,0,64,1.0,580.0
745,3710,2159,0,6,6,2,1027,0,64,1.0,581.0
746,3710,2159,0,2,6,2,1028,0,64,1.0,582.0
747,3710,2159,0,0,6,2,1029,0,64,0.0,582.0
748,3710,2159,0,0,6,2,1030,0,64,0.0,582.0
749,3710,2159,0,0,6,2,1031,0,64,0.0,582.0
750,3710,2159,0,2,6,2,1032,0,64,1.0,583.0
751,3710,2159,0,4,6,2,1033,0,64,1.0,584.0
752,3710,2159,0,6,6,2,1034,0,64,1.0,585.0
753,3710,2159,0,8,6,2,1035,0,64,1.0,586.0
754,3710,2158,0,10,6,2,1036,0,64,1.0,587.0
755,3710,2158,0,6,6,2,1037,0,64,1.0,588.0
756,3710,2158,0,8,6,2,1038,0,64,1.0,589.0
757,3710,2158,0,4,6,2,1039,0,64,1.0,590.0
758,3710,2158,0,0,6,2,1040,0,64,0.0,590.0
759,3710,2158,0,2,6,2,1041,0,64,1.0,591.0
760,3710,2158,0,4,6,2,1042,0,64,1.0,592.0
761,3710,2158,0,0,6,2,1043,0,64,0.0,592.0
762,3710,2158,0,0,6,2,1044,0,64,0.0,592.0
763,3710,2158,0,0,6,2,1045,0,64,0.0,592.0
764,3710,2158,0,2,6,2,1046,0,64,1.0,593.0
765,3710,2158,0,4,6,2,1047,0,64,1.0,594.0
766,3710,2158,0,6,6,2,1048,0,64,1.0,595.0
767,3710,2158,0,8,6,2,1049,0,64,1.0,596.0
768,3710,2158,0,10,6,2,1050,0,64,1.0,597.0
769,3710,2158,0,12,6,2,1051,0,64,1.0,598.0
770,3710,2157,0,14,6,2,1052,0,64,1.0,599.0
771,3710,2157,0,10,6,2,1053,0,64,1.0,600.0
772,3710,2157,0,6,6,2,1054,0,64,1.0,601.0
773,3710,2157,0,8,6,2,1055,0,64,1.0,602.0
774,3710,2157,0,4,6,2,1056,0,64,1.0,603.0
775,3710,2157,0,6,6,2,1057,0,64,1.0,604.0
776,3710,2157,0,8,6,2,1058,0,64,1.0,605.0
777,3710,2157,0,10,6,2,1059,0,64,1.0,606.0
778,3710,2157,0,12,6,2,1060,0,64,1.0,607.0
779,3710,2156,0,8,6,2,1061,0,64,1.0,608.0
780,3710,2156,0,4,6,2,1062,0,64,1.0,609.0
781,3710,2156,0,0,6,2,1063,0,64,0.0,609.0
782,3710,2156,0,2,6,2,1064,0,64,1.0,610.0
783,3710,2156,0,4,6,2,1065,0,64,1.0,611.0
784,3710,2156,0,0,6,2,1066,0,64,0.0,611.0
785,3710,2156,0,2,6,2,1067,0,64,1.0,612.0
786,3710,2156,0,0,6,2,1068,0,64,0.0,612.0
787,3710,2156,0,0,6,2,1069,0,64,0.0,612.0
788,3710,2156,0,0,6,2,1070,0,64,0.0,612.0
789,3710,2156,0,2,6,2,1071,0,64,1.0,613.0
790,3710,2156,0,4,6,2,1072,0,64,1.0,614.0
791,3710,2156,0,6,6,2,1073,0,64,1.0,615.0
792,3710,2156,0,8,6,2,1074,0,64,1.0,616.0
793,3710,2156,0,4,6,2,1075,0,64,1.0,617.0
794,3710,2156,0,6,6,2,1076,0,64,1.0,618.0
795,3710,2156,0,2,6,2,1077,0,64,1.0,619.0
796,3710,2156,0,0,6,2,1078,0,64,0.0,619.0
797,3710,2156,0,2,6,2,1079,0,64,1.0,620.0
798,3710,2156,0,0,6,2,1080,0,64,0.0,620.0
799,3710,2156,0,2,6,2,1081,0,64,1.0,621.0
800,3710,2156,0,0,6,2,1082,0,64,0.0,621.0
801,3710,2156,0,2,6,2,1083,0,64,1.0,622.0
802,3710,2156,0,4,6,2,1084,0,64,1.0,623.0
803,3710,2156,0,6,6,2,1085,0,64,1.0,624.0
804,3710,2156,0,2,6,2,1086,0,64,1.0,625.0
805,3710,2156,0,0,6,2,1087,0,64,0.0,625.0
806,3710,2156,0,0,6,2,1088,0,64,0.0,625.0
807,3710,2156,0,2,6,2,1089,0,64,1.0,626.0
808,3710,2156,0,4,6,2,1090,0,64,1.0,627.0
809,3710,2155,0,6,6,2,1091,0,64,1.0,628.0
810,3710,2155,0,8,6,2,1092,0,64,1.0,629.0
811,3710,2155,0,10,6,2,1093,0,64,1.0,630.0
812,3710,2155,0,12,6,2,1094,0,64,1.0,631.0
813,3710,2155,0,14,6,2,1095,0,64,1.0,632.0
814,3710,2155,0,10,6,2,1096,0,64,1.0,633.0
815,3710,2155,0,12,6,2,1097,0,64,1.0,634.0
816,3710,2154,0,14,6,2,1098,0,64,1.0,635.0
817,3710,2154,0,16,6,2,1099,0,64,1.0,636.0
818,3710,2154,0,12,6,2,1100,0,64,1.0,637.0
819,3710,2154,0,14,6,2,1101,0,64,1.0,638.0
820,3710,2154,0,10,6,2,1102,0,64,1.0,639.0
821,3710,2154,0,6,6,2,1103,0,64,1.0,640.0
822,3710,2153,0,8,6,2,1104,0,64,1.0,641.0
823,3710,2153,0,4,6,2,1105,0,64,1.0,642.0
824,3710,2153,0,6,6,2,1106,0,64,1.0,643.0
825,3710,2153,0,8,6,2,1107,0,64,1.0,644.0
826,3710,2153,0,10,6,2,1108,0,64,1.0,645.0
827,3710,2153,0,6,6,2,1109,0,64,1.0,646.0
828,3710,2153,0,8,6,2,1110,0,64,1.0,647.0
829,3710,2153,0,10,6,2,1111,0,64,1.0,648.0
830,3710,2153,0,12,6,2,1112,0,64,1.0,649.0
831,3710,2152,0,14,6,2,1113,0,64,1.0,650.0
832,3710,2152,0,16,6,2,1114,0,64,1.0,651.0
833,3710,2152,0,18,6,2,1115,0,64,1.0,652.0
834,3710,2152,0,20,6,2,1116,0,64,1.0,653.0
835,3710,2151,0,22,6,2,1117,0,64,1.0,654.0
836,3710,2151,0,18,6,2,1118,0,64,1.0,655.0
837,3710,2151,0,20,6,2,1119,0,64,1.0,656.0
838,3710,2151,0,22,6,2,1120,0,64,1.0,657.0
839,3710,2150,0,18,6,2,1121,0,64,1.0,658.0
840,3710,2150,0,20,6,2,1122,0,64,1.0,659.0
841,3710,2150,0,22,6,2,1123,0,64,1.0,660.0
842,3710,2149,0,18,6,2,1124,0,64,1.0,661.0
843,3710,2149,0,14,6,2,1125,0,64,1.0,662.0
844,3710,2149,0,10,6,2,1126,0,64,1.0,663.0
845,3710,2149,0,12,6,2,1127,0,64,1.0,664.0
846,3710,2149,0,14,6,2,1128,0,64,1.0,665.0
847,3710,2148,0,10,6,2,1129,0,64,1.0,666.0
848,3710,2148,0,12,6,2,1130,0,64,1.0,667.0
849,3709,2148,0,8,6,2,1131,0,64,1.0,668.0
850,3709,2148,0,4,6,2,1132,0,64,1.0,669.0
851,3709,2148,0,0,6,2,1133,0,64,0.0,669.0
852,3709,2148,0,0,6,2,1134,0,64,0.0,669.0
853,3709,2148,0,0,6,2,1135,0,64,0.0,669.0
854,3709,2148,0,2,6,2,1136,0,64,1.0,670.0
855,3709,2148,0,0,6,2,1137,0,64,0.0,670.0
856,3709,2148,0,2,6,2,1138,0,64,1.0,671.0
857,3709,2148,0,4,6,2,1139,0,64,1.0,672.0
858,3709,2148,0,0,6,2,1140,0,64,0.0,672.0
859,3709,2148,0,0,6,2,1141,0,64,0.0,672.0
860,3709,2148,0,2,6,2,1142,0,64,1.0,673.0
861,3709,2148,0,0,6,2,1143,0,64,0.0,673.0
862,3709,2148,0,2,6,2,1144,0,64,1.0,674.0
863,3709,2148,0,0,6,2,1145,0,64,0.0,674.0
864,3709,2148,0,2,6,2,1146,0,64,1.0,675.0
865,3709,2148,0,0,6,2,1147,0,64,0.0,675.0
866,3709,2148,0,2,6,2,1148,0,64,1.0,676.0
867,3709,2148,0,0,6,2,1149,0,64,0.0,676.0
868,3709,2148,0,0,6,2,1150,0,64,0.0,676.0
869,3709,2148,0,2,6,2,1151,0,64,1.0,677.0
870,3709,2148,0,0,6,2,1152,0,64,0.0,677.0
871,3709,2148,0,0,6,2,1153,0,64,0.0,677.0
872,3709,2148,0,0,6,2,1154,0,64,0.0,677.0
873,3709,2148,0,2,6,2,1155,0,64,1.0,678.0
874,3709,2148,0,0,6,2,1156,0,64,0.0,678.0
875,3709,2148,0,0,6,2,1157,0,64,0.0,678.0
876,3709,2148,0,0,6,2,1158,0,64,0.0,678.0
877,3709,2148,0,2,6,2,1159,0,64,1.0,679.0
878,3709,2148,0,4,6,2,1160,0,64,1.0,680.0
879,3709,2148,0,0,6,2,1161,0,64,0.0,680.0
880,3709,2148,0,2,6,2,1162,0,64,1.0,681.0
881,3709,2148,0,0,6,2,1163,0,64,0.0,681.0
882,3709,2148,0,0,6,2,1164,0,64,0.0,681.0
883,3709,2148,0,0,6,2,1165,0,64,0.0,681.0
884,3709,2148,0,2,6,2,1166,0,64,1.0,682.0
885,3709,2148,0,0,6,2,1167,0,64,0.0,682.0
886,3709,2148,0,0,6,2,1168,0,64,0.0,682.0
887,3709,2148,0,0,6,2,1169,0,64,0.0,682.0
888,3709,2148,0,0,6,2,1170,0,64,0.0,682.0
889,3709,2148,0,2,6,2,1171,0,64,1.0,683.0
890,3709,2148,0,0,6,2,1172,0,64,0.0,683.0
891,3709,2148,0,2,6,2,1173,0,64,1.0,684.0
892,3709,2148,0,0,6,2,1174,0,64,0.0,684.0
893,3709,2148,0,2,6,2,1175,0,64,1.0,685.0
894,3709,2148,0,4,6,2,1176,0,64,1.0,686.0
895,3709,2148,0,6,6,2,1177,0,64,1.0,687.0
896,3709,2147,0,2,6,2,1178,0,64,1.0,688.0
897,3709,2147,0,4,6,2,1179,0,64,1.0,689.0
898,3709,2147,0,6,6,2,1180,0,64,1.0,690.0
899,3709,2147,0,8,6,2,1181,0,64,1.0,691.0
900,3709,2147,0,4,6,2,1182,0,64,1.0,692.0
901,3709,2147,0,6,6,2,1183,0,64,1.0,693.0
902,3709,2147,0,8,6,2,1184,0,64,1.0,694.0
903,3709,2147,0,10,6,2,1185,0,64,1.0,695.0
904,3709,2147,0,6,6,2,1186,0,64,1.0,696.0
905,3709,2147,0,8,6,2,1187,0,64,1.0,697.0
906,3709,2147,0,10,6,2,1188,0,64,1.0,698.0
907,3709,2147,0,6,6,2,1189,0,64,1.0,699.0
908,3709,2146,0,8,6,2,1190,0,64,1.0,700.0
909,3709,2146,0,4,6,2,1191,0,64,1.0,701.0
910,3709,2146,0,6,6,2,1192,0,64,1.0,702.0
911,3709,2146,0,2,6,2,1193,0,64,1.0,703.0
912,3709,2146,0,0,6,2,1194,0,64,0.0,703.0
913,3709,2146,0,0,6,2,1195,0,64,0.0,703.0
914,3709,2146,0,2,6,2,1196,0,64,1.0,704.0
915,3709,2146,0,4,6,2,1197,0,64,1.0,705.0
916,3709,2146,0,6,6,2,1198,0,64,1.0,706.0
917,3709,2146,0,2,6,2,1199,0,64,1.0,707.0
918,3709,2146,0,4,6,2,1200,0,64,1.0,708.0
919,3709,2146,0,6,6,2,1201,0,64,1.0,709.0
920,3709,2146,0,2,6,2,1202,0,64,1.0,710.0
921,3709,2146,0,4,6,2,1203,0,64,1.0,711.0
922,3709,2146,0,6,6,2,1204,0,64,1.0,712.0
923,3709,2146,0,2,6,2,1205,0,64,1.0,713.0
924,3709,2146,0,4,6,2,1206,0,64,1.0,714.0
925,3709,2146,0,0,6,2,1207,0,64,0.0,714.0
926,3709,2146,0,2,6,2,1208,0,64,1.0,715.0
927,3709,2146,0,0,6,2,1209,0,64,0.0,715.0
928,3709,2146,0,2,6,2,1210,0,64,1.0,716.0
929,3709,2146,0,4,6,2,1211,0,64,1.0,717.0
930,3709,2146,0,6,6,2,1212,0,64,1.0,718.0
931,3709,2146,0,2,6,2,1213,0,64,1.0,719.0
932,3709,2146,0,4,6,2,1214,0,64,1.0,720.0
933,3709,2145,0,0,6,2,1215,0,64,0.0,720.0
934,3709,2145,0,0,6,2,1216,0,64,0.0,720.0
935,3709,2145,0,2,6,2,1217,0,64,1.0,721.0
936,3709,2145,0,0,6,2,1218,0,64,0.0,721.0
937,3709,2145,0,0,6,2,1219,0,64,0.0,721.0
938,3709,2145,0,0,6,2,1220,0,64,0.0,721.0
939,3709,2145,0,2,6,2,1221,0,64,1.0,722.0
940,3709,2145,0,4,6,2,1222,0,64,1.0,723.0
941,3709,2145,0,6,6,2,1223,0,64,1.0,724.0
942,3709,2145,0,8,6,2,1224,0,64,1.0,725.0
943,3709,2145,0,10,6,2,1225,0,64,1.0,726.0
944,3709,2145,0,12,6,2,1226,0,64,1.0,727.0
945,3709,2145,0,8,6,2,1227,0,64,1.0,728.0
946,3709,2145,0,4,6,2,1228,0,64,1.0,729.0
947,3709,2145,0,6,6,2,1229,0,64,1.0,730.0
948,3709,2145,0,8,6,2,1230,0,64,1.0,731.0
949,3708,2145,0,4,6,2,1231,0,64,1.0,732.0
950,3708,2145,0,0,6,2,1232,0,64,0.0,732.0
951,3708,2145,0,0,6,2,1233,0,64,0.0,732.0
952,3708,2145,0,2,6,2,1234,0,64,1.0,733.0
953,3708,2144,0,0,6,2,1235,0,64,0.0,733.0
954,3708,2144,0,0,6,2,1236,0,64,0.0,733.0
955,3708,2144,0,2,6,2,1237,0,64,1.0,734.0
956,3708,2144,0,0,6,2,1238,0,64,0.0,734.0
957,3708,2144,0,0,6,2,1239,0,64,0.0,734.0
958,3708,2144,0,0,6,2,1240,0,64,0.0,734.0
959,3708,2144,0,2,6,2,1241,0,64,1.0,735.0
960,3708,2144,0,4,6,2,1242,0,64,1.0,736.0
961,3708,2144,0,6,6,2,1243,0,64,1.0,737.0
962,3708,2144,0,8,6,2,1244,0,64,1.0,738.0
963,3708,2144,0,10,6,2,1245,0,64,1.0,739.0
964,3708,2144,0,12,6,2,1246,0,64,1.0,740.0
965,3708,2144,0,8,6,2,1247,0,64,1.0,741.0
966,3708,2144,0,10,6,2,1248,0,64,1.0,742.0
967,3708,2144,0,12,6,2,1249,0,64,1.0,743.0
968,3708,2143,0,8,6,2,1250,0,64,1.0,744.0
969,3708,2143,0,10,6,2,1251,0,64,1.0,745.0
970,3708,2143,0,12,6,2,1252,0,64,1.0,746.0
971,3708,2143,0,8,6,2,1253,0,64,1.0,747.0
972,3708,2143,0,10,6,2,1254,0,64,1.0,748.0
973,3708,2143,0,6,6,2,1255,0,64,1.0,749.0
974,3708,2143,0,8,6,2,1256,0,64,1.0,750.0
975,3708,2143,0,4,6,2,1257,0,64,1.0,751.0
976,3708,2143,0,6,6,2,1258,0,64,1.0,752.0
977,3708,2143,0,2,6,2,1259,0,64,1.0,753.0
978,3708,2142,0,4,6,2,1260,0,64,1.0,754.0
979,3708,2142,0,0,6,2,1261,0,64,0.0,754.0
980,3708,2142,0,0,6,2,1262,0,64,0.0,754.0
981,3708,2142,0,2,6,2,1263,0,64,1.0,755.0
982,3708,2142,0,0,6,2,1264,0,64,0.0,755.0
983,3708,2142,0,2,6,2,1265,0,64,1.0,756.0
984,3708,2142,0,4,6,2,1266,0,64,1.0,757.0
985,3708,2142,0,6,6,2,1267,0,64,1.0,758.0
986,3708,2142,0,8,6,2,1268,0,64,1.0,759.0
987,3708,2142,0,4,6,2,1269,0,64,1.0,760.0
988,3708,2142,0,6,6,2,1270,0,64,1.0,761.0
989,3708,2142,0,2,6,2,1271,0,64,1.0,762.0
990,3708,2142,0,4,6,2,1272,0,64,1.0,763.0
991,3708,2142,0,6,6,2,1273,0,64,1.0,764.0
992,3708,2142,0,2,6,2,1274,0,64,1.0,765.0
993,3708,2142,0,0,6,2,1275,0,64,0.0,765.0
994,3708,2142,0,0,6,2,1276,0,64,0.0,765.0
995,3708,2142,0,2,6,2,1277,0,64,1.0,766.0
996,3708,2142,0,4,6,2,1278,0,64,1.0,767.0
997,3708,2142,0,6,6,2,1279,0,64,1.0,768.0
998,3708,2142,0,2,6,2,1280,0,64,1.0,769.0
999,3708,2142,0,4,6,2,1281,0,64,1.0,770.0
1000,3708,2142,0,6,6,2,1282,0,64,1.0,771.0
1001,3708,2142,0,2,6,2,1283,0,64,1.0,772.0
1002,3708,2142,0,4,6,2,1284,0,64,1.0,773.0
1003,3708,2142,0,0,6,2,1285,0,64,0.0,773.0
1004,3708,2142,0,0,6,2,1286,0,64,0.0,773.0
1005,3708,2142,0,0,6,2,1287,0,64,0.0,773.0
1006,3708,2142,0,2,6,2,1288,0,64,1.0,774.0
1007,3708,2142,0,0,6,2,1289,0,64,0.0,774.0
1008,3708,2142,0,2,6,2,1290,0,64,1.0,775.0
1009,3708,2142,0,4,6,2,1291,0,64,1.0,776.0
1010,3708,2141,0,6,6,2,1292,0,64,1.0,777.0
1011,3708,2141,0,8,6,2,1293,0,64,1.0,778.0
1012,3708,2141,0,4,6,2,1294,0,64,1.0,779.0
1013,3708,2141,0,6,6,2,1295,0,64,1.0,780.0
1014,3708,2141,0,2,6,2,1296,0,64,1.0,781.0
1015,3708,2141,0,0,6,2,1297,0,64,0.0,781.0
1016,3708,2141,0,0,6,2,1298,0,64,0.0,781.0
1017,3708,2141,0,2,6,2,1299,0,64,1.0,782.0
1018,3708,2141,0,4,6,2,1300,0,64,1.0,783.0
1019,3708,2141,0,0,6,2,1301,0,64,0.0,783.0
1020,3708,2141,0,2,6,2,1302,0,64,1.0,784.0
1021,3708,2141,0,4,6,2,1303,0,64,1.0,785.0
1022,3708,2141,0,6,6,2,1304,0,64,1.0,786.0
1023,3708,2141,0,8,6,2,1305,0,64,1.0,787.0
1024,3708,2141,0,10,6,2,1306,0,64,1.0,788.0
1025,3708,2141,0,6,6,2,1307,0,64,1.0,789.0
1026,3708,2141,0,8,6,2,1308,0,64,1.0,790.0
1027,3708,2141,0,4,6,2,1309,0,64,1.0,791.0
1028,3708,2140,0,0,6,2,1310,0,64,0.0,791.0
1029,3708,2140,0,0,6,2,1311,0,64,0.0,791.0
1030,3708,2140,0,2,6,2,1312,0,64,1.0,792.0
1031,3708,2140,0,4,6,2,1313,0,64,1.0,793.0
1032,3708,2140,0,0,6,2,1314,0,64,0.0,793.0
1033,3708,2140,0,2,6,2,1315,0,64,1.0,794.0
1034,3708,2140,0,4,6,2,1316,0,64,1.0,795.0
1035,3707,2140,0,6,6,2,1317,0,64,1.0,796.0
1036,3707,2140,0,2,6,2,1318,0,64,1.0,797.0
1037,3707,2140,0,4,6,2,1319,0,64,1.0,798.0
1038,3707,2140,0,0,6,2,1320,0,64,0.0,798.0
1039,3707,2140,0,2,6,2,1321,0,64,1.0,799.0
1040,3707,2140,0,4,6,2,1322,0,64,1.0,800.0
1041,3707,2140,0,6,6,2,1323,0,64,1.0,801.0
1042,3707,2140,0,8,6,2,1324,0,64,1.0,802.0
1043,3707,2140,0,10,6,2,1325,0,64,1.0,803.0
1044,3707,2140,0,12,6,2,1326,0,64,1.0,804.0
1045,3707,2140,0,8,6,2,1327,0,64,1.0,805.0
1046,3707,2140,0,4,6,2,1328,0,64,1.0,806.0
1047,3707,2139,0,6,6,2,1329,0,64,1.0,807.0
1048,3707,2139,0,8,6,2,1330,0,64,1.0,808.0
1049,3707,2139,0,10,6,2,1331,0,64,1.0,809.0
1050,3707,2139,0,12,6,2,1332,0,64,1.0,810.0
1051,3707,2139,0,14,6,2,1333,0,64,1.0,811.0
1052,3707,2139,0,16,6,2,1334,0,64,1.0,812.0
1053,3707,2139,0,12,6,2,1335,0,64,1.0,813.0
1054,3707,2138,0,8,6,2,1336,0,64,1.0,814.0
1055,3707,2138,0,10,6,2,1337,0,64,1.0,815.0
1056,3707,2138,0,12,6,2,1338,0,64,1.0,816.0
1057,3707,2138,0,8,6,2,1339,0,64,1.0,817.0
1058,3707,2138,0,4,6,2,1340,0,64,1.0,818.0
1059,3707,2138,0,0,6,2,1341,0,64,0.0,818.0
1060,3707,2138,0,0,6,2,1342,0,64,0.0,818.0
1061,3707,2138,0,0,6,2,1343,0,64,0.0,818.0
1062,3707,2138,0,0,6,2,1344,0,64,0.0,818.0
1063,3707,2138,0,2,6,2,1345,0,64,1.0,819.0
1064,3707,2138,0,4,6,2,1346,0,64,1.0,820.0
1065,3707,2138,0,6,6,2,1347,0,64,1.0,821.0
1066,3707,2138,0,8,6,2,1348,0,64,1.0,822.0
1067,3707,2138,0,10,6,2,1349,0,64,1.0,823.0
1068,3707,2137,0,6,6,2,1350,0,64,1.0,824.0
1069,3707,2137,0,8,6,2,1351,0,64,1.0,825.0
1070,3707,2137,0,4,6,2,1352,0,64,1.0,826.0
1071,3707,2137,0,0,6,2,1353,0,64,0.0,826.0
1072,3707,2137,0,0,6,2,1354,0,64,0.0,826.0
1073,3707,2137,0,2,6,2,1355,0,64,1.0,827.0
1074,3707,2137,0,0,6,2,1356,0,64,0.0,827.0
1075,3707,2137,0,0,6,2,1357,0,64,0.0,827.0
1076,3707,2137,0,0,6,2,1358,0,64,0.0,827.0
1077,3707,2137,0,2,6,2,1359,0,64,1.0,828.0
1078,3707,2137,0,4,6,2,1360,0,64,1.0,829.0
1079,3707,2137,0,0,6,2,1361,0,64,0.0,829.0
1080,3707,2137,0,2,6,2,1362,0,64,1.0,830.0
1081,3707,2137,0,4,6,2,1363,0,64,1.0,831.0
1082,3707,2137,0,0,6,2,1364,0,64,0.0,831.0
1083,3707,2137,0,2,6,2,1365,0,64,1.0,832.0
1084,3707,2137,0,4,6,2,1366,0,64,1.0,833.0
1085,3707,2137,0,0,6,2,1367,0,64,0.0,833.0
1086,3707,2137,0,2,6,2,1368,0,64,1.0,834.0
1087,3707,2137,0,4,6,2,1369,0,64,1.0,835.0
1088,3707,2137,0,6,6,2,1370,0,64,1.0,836.0
1089,3707,2137,0,8,6,2,1371,0,64,1.0,837.0
1090,3707,2137,0,10,6,2,1372,0,64,1.0,838.0
1091,3707,2137,0,12,6,2,1373,0,64,1.0,839.0
1092,3707,2136,0,14,6,2,1374,0,64,1.0,840.0
1093,3707,2136,0,10,6,2,1375,0,64,1.0,841.0
1094,3707,2136,0,12,6,2,1376,0,64,1.0,842.0
1095,3707,2136,0,14,6,2,1377,0,64,1.0,843.0
1096,3707,2136,0,16,6,2,1378,0,64,1.0,844.0
1097,3707,2135,0,18,6,2,1379,0,64,1.0,845.0
1098,3707,2135,0,20,6,2,1380,0,64,1.0,846.0
1099,3707,2135,0,22,6,2,1381,0,64,1.0,847.0
1100,3707,2135,0,18,6,2,1382,0,64,1.0,848.0
1101,3707,2134,0,14,6,2,1383,0,64,1.0,849.0
1102,3707,2134,0,10,6,2,1384,0,64,1.0,850.0
1103,3707,2134,0,12,6,2,1385,0,64,1.0,851.0
1104,3707,2134,0,8,6,2,1386,0,64,1.0,852.0
1105,3707,2134,0,4,6,2,1387,0,64,1.0,853.0
1106,3707,2134,0,6,6,2,1388,0,64,1.0,854.0
1107,3707,2134,0,8,6,2,1389,0,64,1.0,855.0
1108,3707,2133,0,4,6,2,1390,0,64,1.0,856.0
1109,3707,2133,0,0,6,2,1391,0,64,0.0,856.0
1110,3707,2133,0,0,6,2,1392,0,64,0.0,856.0
1111,3707,2133,0,0,6,2,1393,0,64,0.0,856.0
1112,3707,2133,0,2,6,2,1394,0,64,1.0,857.0
1113,3707,2133,0,0,6,2,1395,0,64,0.0,857.0
1114,3707,2133,0,0,6,2,1396,0,64,0.0,857.0
1115,3707,2133,0,2,6,2,1397,0,64,1.0,858.0
1116,3707,2133,0,4,6,2,1398,0,64,1.0,859.0
1117,3707,2133,0,6,6,2,1399,0,64,1.0,860.0
1118,3707,2133,0,8,6,2,1400,0,64,1.0,861.0
1119,3707,2133,0,10,6,2,1401,0,64,1.0,862.0
1120,3707,2133,0,6,6,2,1402,0,64,1.0,863.0
1121,3707,2133,0,2,6,2,1403,0,64,1.0,864.0
1122,3707,2133,0,4,6,2,1404,0,64,1.0,865.0
1123,3707,2133,0,6,6,2,1405,0,64,1.0,866.0
1124,3707,2133,0,2,6,2,1406,0,64,1.0,867.0
1125,3707,2133,0,4,6,2,1407,0,64,1.0,868.0
1126,3707,2133,0,6,6,2,1408,0,64,1.0,869.0
1127,3707,2133,0,8,6,2,1409,0,64,1.0,870.0
1128,3707,2133,0,10,6,2,1410,0,64,1.0,871.0
1129,3707,2132,0,12,6,2,1411,0,64,1.0,872.0
1130,3707,2132,0,14,6,2,1412,0,64,1.0,873.0
1131,3707,2132,0,10,6,2,1413,0,64,1.0,874.0
1132,3707,2132,0,6,6,2,1414,0,64,1.0,875.0
1133,3707,2132,0,8,6,2,1415,0,64,1.0,876.0
1134,3707,2132,0,4,6,2,1416,0,64,1.0,877.0
1135,3707,2132,0,6,6,2,1417,0,64,1.0,878.0
1136,3707,2132,0,8,6,2,1418,0,64,1.0,879.0
1137,3707,2131,0,4,6,2,1419,0,64,1.0,880.0
1138,3707,2131,0,0,6,2,1420,0,64,0.0,880.0
1139,3707,2131,0,0,6,2,1421,0,64,0.0,880.0
1140,3707,2131,0,2,6,2,1422,0,64,1.0,881.0
1141,3707,2131,0,0,6,2,1423,0,64,0.0,881.0
1142,3707,2131,0,2,6,2,1424,0,64,1.0,882.0
1143,3707,2131,0,4,6,2,1425,0,64,1.0,883.0
1144,3707,2131,0,6,6,2,1426,0,64,1.0,884.0
1145,3707,2131,0,8,6,2,1427,0,64,1.0,885.0
1146,3707,2131,0,10,6,2,1428,0,64,1.0,886.0
1147,3707,2131,0,12,6,2,1429,0,64,1.0,887.0
1148,3707,2131,0,14,6,2,1430,0,64,1.0,888.0
1149,3707,2131,0,10,6,2,1431,0,64,1.0,889.0
1150,3707,2130,0,12,6,2,1432,0,64,1.0,890.0
1151,3707,2130,0,8,6,2,1433,0,64,1.0,891.0
1152,3707,2130,0,4,6,2,1434,0,64,1.0,892.0
1153,3707,2130,0,6,6,2,1435,0,64,1.0,893.0
1154,3707,2130,0,2,6,2,1436,0,64,1.0,894.0
1155,3707,2130,0,0,6,2,1437,0,64,0.0,894.0
1156,3707,2130,0,0,6,2,1438,0,64,0.0,894.0
1157,3707,2130,0,2,6,2,1439,0,64,1.0,895.0
1158,3707,2130,0,4,6,2,1440,0,64,1.0,896.0
1159,3707,2130,0,6,6,2,1441,0,64,1.0,897.0
1160,3707,2130,0,8,6,2,1442,0,64,1.0,898.0
1161,3707,2130,0,10,6,2,1443,0,64,1.0,899.0
1162,3707,2130,0,12,6,2,1444,0,64,1.0,900.0
1163,3707,2129,0,14,6,2,1445,0,64,1.0,901.0
1164,3707,2129,0,10,6,2,1446,0,64,1.0,902.0
1165,3707,2129,0,6,6,2,1447,0,64,1.0,903.0
1166,3707,2129,0,2,6,2,1448,0,64,1.0,904.0
1167,3707,2129,0,4,6,2,1449,0,64,1.0,905.0
1168,3707,2129,0,0,6,2,1450,0,64,0.0,905.0
1169,3707,2129,0,2,6,2,1451,0,64,1.0,906.0
1170,3707,2129,0,4,6,2,1452,0,64,1.0,907.0
1171,3707,2129,0,0,6,2,1453,0,64,0.0,907.0
1172,3707,2129,0,2,6,2,1454,0,64,1.0,908.0
1173,3707,2129,0,4,6,2,1455,0,64,1.0,909.0
1174,3707,2129,0,6,6,2,1456,0,64,1.0,910.0
1175,3707,2129,0,8,6,2,1457,0,64,1.0,911.0
1176,3707,2129,0,10,6,2,1458,0,64,1.0,912.0
1177,3707,2129,0,12,6,2,1459,0,64,1.0,913.0
1178,3707,2128,0,14,6,2,1460,0,64,1.0,914.0
1179,3707,2128,0,16,6,2,1461,0,64,1.0,915.0
1180,3707,2128,0,18,6,2,1462,0,64,1.0,916.0
1181,3707,2128,0,14,6,2,1463,0,64,1.0,917.0
1182,3707,2127,0,16,6,2,1464,0,64,1.0,918.0
1183,3707,2127,0,12,6,2,1465,0,64,1.0,919.0
1184,3707,2127,0,8,6,2,1466,0,64,1.0,920.0
1185,3707,2127,0,10,6,2,1467,0,64,1.0,921.0
1186,3707,2127,0,6,6,2,1468,0,64,1.0,922.0
1187,3707,2127,0,8,6,2,1469,0,64,1.0,923.0
1188,3707,2127,0,4,6,2,1470,0,64,1.0,924.0
1189,3707,2127,0,0,6,2,1471,0,64,0.0,924.0
1190,3707,2127,0,2,6,2,1472,0,64,1.0,925.0
1191,3707,2127,0,0,6,2,1473,0,64,0.0,925.0
1192,3707,2127,0,2,6,2,1474,0,64,1.0,926.0
1193,3707,2127,0,4,6,2,1475,0,64,1.0,927.0
1194,3707,2126,0,6,6,2,1476,0,64,1.0,928.0
1195,3707,2126,0,2,6,2,1477,0,64,1.0,929.0
1196,3707,2126,0,0,6,2,1478,0,64,0.0,929.0
1197,3707,2126,0,2,6,2,1479,0,64,1.0,930.0
1198,3707,2126,0,0,6,2,1480,0,64,0.0,930.0
1199,3707,2126,0,2,6,2,1481,0,64,1.0,931.0
1200,3707,2126,0,0,6,2,1482,0,64,0.0,931.0
1201,3707,2126,0,0,6,2,1483,0,64,0.0,931.0
1202,3707,2126,0,2,6,2,1484,0,64,1.0,932.0
1203,3707,2126,0,4,6,2,1485,0,64,1.0,933.0
1204,3707,2126,0,0,6,2,1486,0,64,0.0,933.0
1205,3707,2126,0,0,6,2,1487,0,64,0.0,933.0
1206,3707,2126,0,0,6,2,1488,0,64,0.0,933.0
1207,3707,2126,0,0,6,2,1489,0,64,0.0,933.0
1208,3707,2126,0,0,6,2,1490,0,64,0.0,933.0
1209,3707,2126,0,2,6,2,1491,0,64,1.0,934.0
1210,3707,2126,0,0,6,2,1492,0,64,0.0,934.0
1211,3707,2126,0,0,6,2,1493,0,64,0.0,934.0
1212,3707,2126,0,0,6,2,1494,0,64,0.0,934.0
1213,3707,2126,0,2,6,2,1495,0,64,1.0,935.0
1214,3707,2126,0,4,6,2,1496,0,64,1.0,936.0
1215,3707,2126,0,6,6,2,1497,0,64,1.0,937.0
1216,3707,2126,0,8,6,2,1498,0,64,1.0,938.0
1217,3707,2126,0,10,6,2,1499,0,64,1.0,939.0
1218,3707,2126,0,6,6,2,1500,0,64,1.0,940.0
1219,3707,2126,0,2,6,2,1501,0,64,1.0,941.0
1220,3707,2126,0,4,6,2,1502,0,64,1.0,942.0
1221,3707,2126,0,6,6,2,1503,0,64,1.0,943.0
1222,3707,2126,0,2,6,2,1504,0,64,1.0,944.0
1223,3707,2126,0,0,6,2,1505,0,64,0.0,944.0
1224,3707,2126,0,2,6,2,1506,0,64,1.0,945.0
1225,3707,2126,0,4,6,2,1507,0,64,1.0,946.0
1226,3707,2126,0,0,6,2,1508,0,64,0.0,946.0
1227,3707,2126,0,2,6,2,1509,0,64,1.0,947.0
1228,3707,2126,0,4,6,2,1510,0,64,1.0,948.0
1229,3707,2126,0,0,6,2,1511,0,64,0.0,948.0
1230,3707,2126,0,0,6,2,1512,0,64,0.0,948.0
1231,3707,2126,0,0,6,2,1513,0,64,0.0,948.0
1232,3707,2126,0,2,6,2,1514,0,64,1.0,949.0
1233,3707,2126,0,0,6,2,1515,0,64,0.0,949.0
1234,3707,2126,0,2,6,2,1516,0,64,1.0,950.0
1235,3707,2126,0,0,6,2,1517,0,64,0.0,950.0
1236,3707,2126,0,0,6,2,1518,0,64,0.0,950.0
1237,3707,2126,0,0,6,2,1519,0,64,0.0,950.0
1238,3707,2126,0,2,6,2,1520,0,64,1.0,951.0
1239,3707,2125,0,4,6,2,1521,0,64,1.0,952.0
1240,3707,2125,0,6,6,2,1522,0,64,1.0,953.0
1241,3707,2125,0,8,6,2,1523,0,64,1.0,954.0
1242,3707,2125,0,4,6,2,1524,0,64,1.0,955.0
1243,3707,2125,0,6,6,2,1525,0,64,1.0,956.0
1244,3707,2125,0,8,6,2,1526,0,64,1.0,957.0
1245,3707,2125,0,10,6,2,1527,0,64,1.0,958.0
1246,3707,2125,0,6,6,2,1528,0,64,1.0,959.0
1247,3707,2125,0,8,6,2,1529,0,64,1.0,960.0
1248,3707,2125,0,10,6,2,1530,0,64,1.0,961.0
1249,3707,2125,0,6,6,2,1531,0,64,1.0,962.0
1250,3707,2124,0,8,6,2,1532,0,64,1.0,963.0
1251,3707,2124,0,10,6,2,1533,0,64,1.0,964.0
1252,3707,2124,0,12,6,2,1534,0,64,1.0,965.0
1253,3707,2124,0,14,6,2,1535,0,64,1.0,966.0
1254,3707,2124,0,10,6,2,1536,0,64,1.0,967.0
1255,3707,2124,0,6,6,2,1537,0,64,1.0,968.0
1256,3707,2124,0,8,6,2,1538,0,64,1.0,969.0
1257,3707,2124,0,4,6,2,1539,0,64,1.0,970.0
1258,3707,2123,0,6,6,2,1540,0,64,1.0,971.0
1259,3707,2123,0,8,6,2,1541,0,64,1.0,972.0
1260,3707,2123,0,4,6,2,1542,0,64,1.0,973.0
1261,3707,2123,0,0,6,2,1543,0,64,0.0,973.0
1262,3707,2123,0,0,6,2,1544,0,64,0.0,973.0
1263,3707,2123,0,0,6,2,1545,0,64,0.0,973.0
1264,3707,2123,0,2,6,2,1546,0,64,1.0,974.0
1265,3707,2123,0,4,6,2,1547,0,64,1.0,975.0
1266,3707,2123,0,0,6,2,1548,0,64,0.0,975.0
1267,3707,2123,0,2,6,2,1549,0,64,1.0,976.0
1268,3707,2123,0,4,6,2,1550,0,64,1.0,977.0
1269,3707,2123,0,0,6,2,1551,0,64,0.0,977.0
1270,3707,2123,0,2,6,2,1552,0,64,1.0,978.0
1271,3707,2123,0,0,6,2,1553,0,64,0.0,978.0
1272,3707,2123,0,0,6,2,1554,0,64,0.0,978.0
1273,3707,2123,0,2,6,2,1555,0,64,1.0,979.0
1274,3707,2123,0,4,6,2,1556,0,64,1.0,980.0
1275,3707,2123,0,6,6,2,1557,0,64,1.0,981.0
1276,3707,2123,0,8,6,2,1558,0,64,1.0,982.0
1277,3707,2123,0,10,6,2,1559,0,64,1.0,983.0
1278,3707,2123,0,6,6,2,1560,0,64,1.0,984.0
1279,3707,2123,0,8,6,2,1561,0,64,1.0,985.0
1280,3707,2123,0,10,6,2,1562,0,64,1.0,986.0
1281,3707,2122,0,6,6,2,1563,0,64,1.0,987.0
1282,3707,2122,0,8,6,2,1564,0,64,1.0,988.0
1283,3707,2122,0,4,6,2,1565,0,64,1.0,989.0
1284,3707,2122,0,6,6,2,1566,0,64,1.0,990.0
1285,3707,2122,0,8,6,2,1567,0,64,1.0,991.0
1286,3707,2122,0,10,6,2,1568,0,64,1.0,992.0
1287,3707,2122,0,6,6,2,1569,0,64,1.0,993.0
1288,3707,2122,0,2,6,2,1570,0,64,1.0,994.0
1289,3707,2122,0,4,6,2,1571,0,64,1.0,995.0
1290,3707,2122,0,6,6,2,1572,0,64,1.0,996.0
1291,3707,2122,0,8,6,2,1573,0,64,1.0,997.0
1292,3707,2121,0,10,6,2,1574,0,64,1.0,998.0
1293,3707,2121,0,12,6,2,1575,0,64,1.0,999.0
1294,3707,2121,0,14,6,2,1576,0,64,1.0,1000.0
1295,3707,2121,0,16,6,2,1577,0,64,1.0,1001.0
1296,3707,2121,0,18,6,2,1578,0,64,1.0,1002.0
1297,3707,2120,0,20,6,2,1579,0,64,1.0,1003.0
1298,3707,2120,0,16,6,2,1580,0,64,1.0,1004.0
1299,3707,2120,0,12,6,2,1581,0,64,1.0,1005.0
1300,3707,2120,0,8,6,2,1582,0,64,1.0,1006.0
1301,3707,2120,0,10,6,2,1583,0,64,1.0,1007.0
1302,3707,2120,0,6,6,2,1584,0,64,1.0,1008.0
1303,3707,2119,0,8,6,2,1585,0,64,1.0,1009.0
1304,3707,2119,0,4,6,2,1586,0,64,1.0,1010.0
1305,3707,2119,0,6,6,2,1587,0,64,1.0,1011.0
1306,3707,2119,0,8,6,2,1588,0,64,1.0,1012.0
1307,3707,2119,0,4,6,2,1589,0,64,1.0,1013.0
1308,3707,2119,0,0,6,2,1590,0,64,0.0,1013.0
1309,3707,2119,0,0,6,2,1591,0,64,0.0,1013.0
1310,3707,2119,0,2,6,2,1592,0,64,1.0,1014.0
1311,3707,2119,0,4,6,2,1593,0,64,1.0,1015.0
1312,3707,2119,0,6,6,2,1594,0,64,1.0,1016.0
1313,3707,2119,0,8,6,2,1595,0,64,1.0,1017.0
1314,3707,2119,0,10,6,2,1596,0,64,1.0,1018.0
1315,3707,2119,0,12,6,2,1597,0,64,1.0,1019.0
1316,3707,2118,0,8,6,2,1598,0,64,1.0,1020.0
1317,3707,2118,0,4,6,2,1599,0,64,1.0,1021.0
1318,3707,2118,0,6,6,2,1600,0,64,1.0,1022.0
1319,3707,2118,0,8,6,2,1601,0,64,1.0,1023.0
1320,3707,2118,0,10,6,2,1602,0,64,1.0,1024.0
1321,3707,2118,0,12,6,2,1603,0,64,1.0,1025.0
1322,3707,2118,0,14,6,2,1604,0,64,1.0,1026.0
1323,3707,2118,0,10,6,2,1605,0,64,1.0,1027.0
1324,3707,2117,0,6,6,2,1606,0,64,1.0,1028.0
1325,3707,2117,0,8,6,2,1607,0,64,1.0,1029.0
1326,3707,2117,0,10,6,2,1608,0,64,1.0,1030.0
1327,3707,2117,0,12,6,2,1609,0,64,1.0,1031.0
1328,3707,2117,0,14,6,2,1610,0,64,1.0,1032.0
1329,3707,2117,0,16,6,2,1611,0,64,1.0,1033.0
1330,3707,2117,0,18,6,2,1612,0,64,1.0,1034.0
1331,3707,2116,0,14,6,2,1613,0,64,1.0,1035.0
1332,3707,2116,0,16,6,2,1614,0,64,1.0,1036.0
1333,3707,2116,0,18,6,2,1615,0,64,1.0,1037.0
1334,3707,2116,1,20,6,2,1616,0,64,1.0,1038.0
1335,3707,2115,1,22,6,2,1617,0,64,1.0,1039.0
1336,3707,2115,1,18,6,2,1618,0,64,1.0,1040.0
1337,3707,2115,1,14,6,2,1619,0,64,1.0,1041.0
1338,3707,2114,1,10,6,2,1620,0,64,1.0,1042.0
1339,3707,2114,1,6,6,2,1621,0,64,1.0,1043.0
1340,3707,2114,1,8,6,2,1622,0,64,1.0,1044.0
1341,3707,2114,1,4,6,2,1623,0,64,1.0,1045.0
1342,3707,2114,1,0,6,2,1624,0,64,0.0,1045.0
1343,3707,2114,1,2,6,2,1625,0,64,1.0,1046.0
1344,3707,2114,1,4,6,2,1626,0,64,1.0,1047.0
1345,3707,2114,1,6,6,2,1627,0,64,1.0,1048.0
1346,3707,2114,1,2,6,2,1628,0,64,1.0,1049.0
1347,3707,2114,1,4,6,2,1629,0,64,1.0,1050.0
1348,3707,2114,1,6,6,2,1630,0,64,1.0,1051.0
1349,3707,2114,1,8,6,2,1631,0,64,1.0,1052.0
1350,3707,2114,1,10,6,2,1632,0,64,1.0,1053.0
1351,3707,2114,1,12,6,2,1633,0,64,1.0,1054.0
1352,3707,2113,1,14,6,2,1634,0,64,1.0,1055.0
1353,3707,2113,1,16,6,2,1635,0,64,1.0,1056.0
1354,3707,2113,1,18,6,2,1636,0,64,1.0,1057.0
1355,3707,2113,1,20,6,2,1637,0,64,1.0,1058.0
1356,3707,2112,1,22,6,2,1638,0,64,1.0,1059.0
1357,3707,2112,1,18,6,2,1639,0,64,1.0,1060.0
1358,3707,2112,1,14,6,2,1640,0,64,1.0,1061.0
1359,3707,2112,1,10,6,2,1641,0,64,1.0,1062.0
1360,3707,2111,1,12,6,2,1642,0,64,1.0,1063.0
1361,3707,2111,1,14,6,2,1643,0,64,1.0,1064.0
1362,3707,2111,1,16,6,2,1644,0,64,1.0,1065.0
1363,3707,2111,1,18,6,2,1645,0,64,1.0,1066.0
1364,3707,2111,1,20,6,2,1646,0,64,1.0,1067.0
1365,3707,2110,1,22,6,2,1647,0,64,1.0,1068.0
1366,3707,2110,1,24,6,2,1648,0,64,1.0,1069.0
1367,3707,2110,1,20,6,2,1649,0,64,1.0,1070.0
1368,3707,2109,1,22,6,2,1650,0,64,1.0,1071.0
1369,3707,2109,1,24,6,2,1651,0,64,1.0,1072.0
1370,3707,2109,1,26,6,2,1652,0,64,1.0,1073.0
1371,3707,2108,1,28,6,2,1653,0,64,1.0,1074.0
1372,3707,2108,1,24,6,2,1654,0,64,1.0,1075.0
1373,3707,2107,1,20,6,2,1655,0,64,1.0,1076.0
1374,3707,2107,1,22,6,2,1656,0,64,1.0,1077.0
1375,3707,2107,1,24,6,2,1657,0,64,1.0,1078.0
1376,3707,2106,1,26,6,2,1658,0,64,1.0,1079.0
1377,3707,2106,1,22,6,2,1659,0,64,1.0,1080.0
1378,3707,2106,1,24,6,2,1660,0,64,1.0,1081.0
1379,3707,2105,1,26,6,2,1661,0,64,1.0,1082.0
1380,3707,2105,1,28,6,2,1662,0,64,1.0,1083.0
1381,3707,2105,1,24,6,2,1663,0,64,1.0,1084.0
1382,3707,2104,1,26,6,2,1664,0,64,1.0,1085.0
1383,3707,2104,1,22,6,2,1665,0,64,1.0,1086.0
1384,3707,2104,1,18,6,2,1666,0,64,1.0,1087.0
1385,3707,2103,1,20,6,2,1667,0,64,1.0,1088.0
1386,3707,2103,1,16,6,2,1668,0,64,1.0,1089.0
1387,3707,2103,1,18,6,2,1669,0,64,1.0,1090.0
1388,3707,2102,1,14,6,2,1670,0,64,1.0,1091.0
1389,3707,2102,1,16,6,2,1671,0,64,1.0,1092.0
1390,3707,2102,1,18,6,2,1672,0,64,1.0,1093.0
1391,3707,2102,1,20,6,2,1673,0,64,1.0,1094.0
1392,3707,2101,1,22,6,2,1674,0,64,1.0,1095.0
1393,3707,2101,1,24,6,2,1675,0,64,1.0,1096.0
1394,3707,2101,1,20,6,2,1676,0,64,1.0,1097.0
1395,3707,2100,1,22,6,2,1677,0,64,1.0,1098.0
1396,3707,2100,1,24,6,2,1678,0,64,1.0,1099.0
1397,3707,2100,1,20,6,2,1679,0,64,1.0,1100.0
1398,3707,2099,1,22,6,2,1680,0,64,1.0,1101.0
1399,3707,2099,1,24,6,2,1681,0,64,1.0,1102.0
1400,3707,2099,1,26,6,2,1682,0,64,1.0,1103.0
1401,3707,2098,1,28,6,2,1683,0,64,1.0,1104.0
1402,3707,2098,1,30,6,2,1684,0,64,1.0,1105.0
1403,3707,2098,1,32,6,2,1685,0,64,1.0,1106.0
1404,3707,2097,1,28,6,2,1686,0,64,1.0,1107.0
1405,3707,2097,1,30,6,2,1687,0,64,1.0,1108.0
1406,3707,2096,1,26,6,2,1688,0,64,1.0,1109.0
1407,3707,2096,1,28,6,2,1689,0,64,1.0,1110.0
1408,3707,2095,1,30,6,2,1690,0,64,1.0,1111.0
1409,3707,2095,1,26,6,2,1691,0,64,1.0,1112.0
1410,3707,2095,1,28,6,2,1692,0,64,1.0,1113.0
1411,3707,2094,1,30,6,2,1693,0,64,1.0,1114.0
1412,3707,2094,1,32,6,2,1694,0,64,1.0,1115.0
1413,3707,2093,1,34,6,2,1695,0,64,1.0,1116.0
1414,3707,2093,1,30,6,2,1696,0,64,1.0,1117.0
1415,3707,2092,1,32,6,2,1697,0,64,1.0,1118.0
1416,3707,2092,1,34,6,2,1698,0,64,1.0,1119.0
1417,3707,2091,1,36,6,2,1699,0,64,1.0,1120.0
1418,3707,2091,1,32,6,2,1700,0,64,1.0,1121.0
1419,3707,2090,1,34,6,2,1701,0,64,1.0,1122.0
1420,3707,2090,1,36,6,2,1702,0,64,1.0,1123.0
1421,3707,2089,1,38,6,2,1703,0,64,1.0,1124.0
1422,3707,2089,1,34,6,2,1704,0,64,1.0,1125.0
1423,3707,2088,1,36,6,2,1705,0,64,1.0,1126.0
1424,3707,2087,1,32,6,2,1706,0,64,1.0,1127.0
1425,3707,2087,1,34,6,2,1707,0,64,1.0,1128.0
1426,3707,2086,1,30,6,2,1708,0,64,1.0,1129.0
1427,3707,2086,1,32,6,2,1709,0,64,1.0,1130.0
1428,3707,2086,1,34,6,2,1710,0,64,1.0,1131.0
1429,3707,2085,1,36,6,2,1711,0,64,1.0,1132.0
1430,3707,2084,1,38,6,2,1712,0,64,1.0,1133.0
1431,3707,2084,1,40,6,2,1713,0,64,1.0,1134.0
1432,3707,2083,1,36,6,2,1714,0,64,1.0,1135.0
1433,3707,2083,1,32,6,2,1715,0,64,1.0,1136.0
1434,3707,2082,1,34,6,2,1716,0,64,1.0,1137.0
1435,3707,2082,1,36,6,2,1717,0,64,1.0,1138.0
1436,3707,2081,1,32,6,2,1718,0,64,1.0,1139.0
1437,3707,2081,1,28,6,2,1719,0,64,1.0,1140.0
1438,3707,2080,1,24,6,2,1720,0,64,1.0,1141.0
1439,3707,2080,1,26,6,2,1721,0,64,1.0,1142.0
1440,3707,2080,1,28,6,2,1722,0,64,1.0,1143.0
1441,3707,2079,1,24,6,2,1723,0,64,1.0,1144.0
1442,3707,2079,1,26,6,2,1724,0,64,1.0,1145.0
1443,3707,2078,1,22,6,2,1725,0,64,1.0,1146.0
1444,3707,2078,1,18,6,2,1726,0,64,1.0,1147.0
1445,3707,2078,1,14,6,2,1727,0,64,1.0,1148.0
1446,3707,2078,1,16,6,2,1728,0,64,1.0,1149.0
1447,3707,2077,1,18,6,2,1729,0,64,1.0,1150.0
1448,3707,2077,1,14,6,2,1730,0,64,1.0,1151.0
1449,3707,2077,1,10,6,2,1731,0,64,1.0,1152.0
1450,3707,2077,1,6,6,2,1732,0,64,1.0,1153.0
1451,3707,2077,1,8,6,2,1733,0,64,1.0,1154.0
1452,3707,2077,1,4,6,2,1734,0,64,1.0,1155.0
1453,3707,2076,1,6,6,2,1735,0,64,1.0,1156.0
1454,3707,2076,1,8,6,2,1736,0,64,1.0,1157.0
1455,3707,2076,1,4,6,2,1737,0,64,1.0,1158.0
1456,3707,2076,1,6,6,2,1738,0,64,1.0,1159.0
1457,3707,2076,1,2,6,2,1739,0,64,1.0,1160.0
1458,3707,2076,1,0,6,2,1740,0,64,0.0,1160.0
1459,3707,2076,1,0,6,2,1741,0,64,0.0,1160.0
1460,3707,2076,1,2,6,2,1742,0,64,1.0,1161.0
1461,3707,2076,1,4,6,2,1743,0,64,1.0,1162.0
1462,3707,2076,1,0,6,2,1744,0,64,0.0,1162.0
1463,3707,2076,1,2,6,2,1745,0,64,1.0,1163.0
1464,3707,2076,1,4,6,2,1746,0,64,1.0,1164.0
1465,3707,2076,1,6,6,2,1747,0,64,1.0,1165.0
1466,3707,2076,1,8,6,2,1748,0,64,1.0,1166.0
1467,3707,2076,1,10,6,2,1749,0,64,1.0,1167.0
1468,3707,2076,1,6,6,2,1750,0,64,1.0,1168.0
1469,3707,2076,1,2,6,2,1751,0,64,1.0,1169.0
1470,3707,2076,1,0,6,2,1752,0,64,0.0,1169.0
1471,3707,2076,1,0,6,2,1753,0,64,0.0,1169.0
1472,3707,2076,1,0,6,2,1754,0,64,0.0,1169.0
1473,3707,2076,1,2,6,2,1755,0,64,1.0,1170.0
1474,3707,2076,1,4,6,2,1756,0,64,1.0,1171.0
1475,3707,2076,1,0,6,2,1757,0,64,0.0,1171.0
1476,3707,2076,1,2,6,2,1758,0,64,1.0,1172.0
1477,3707,2076,1,0,6,2,1759,0,64,0.0,1172.0
1478,3707,2076,1,2,6,2,1760,0,64,1.0,1173.0
1479,3707,2075,1,4,6,2,1761,0,64,1.0,1174.0
1480,3707,2075,1,0,6,2,1762,0,64,0.0,1174.0
1481,3707,2075,1,2,6,2,1763,0,64,1.0,1175.0
1482,3707,2075,1,4,6,2,1764,0,64,1.0,1176.0
1483,3707,2075,1,6,6,2,1765,0,64,1.0,1177.0
1484,3707,2075,1,8,6,2,1766,0,64,1.0,1178.0
1485,3707,2075,1,10,6,2,1767,0,64,1.0,1179.0
1486,3707,2075,1,12,6,2,1768,0,64,1.0,1180.0
1487,3707,2075,1,14,6,2,1769,0,64,1.0,1181.0
1488,3707,2075,1,16,6,2,1770,0,64,1.0,1182.0
1489,3707,2074,1,18,6,2,1771,0,64,1.0,1183.0
1490,3707,2074,1,14,6,2,1772,0,64,1.0,1184.0
1491,3707,2074,1,16,6,2,1773,0,64,1.0,1185.0
1492,3707,2074,1,18,6,2,1774,0,64,1.0,1186.0
1493,3707,2073,1,20,6,2,1775,0,64,1.0,1187.0
1494,3707,2073,1,16,6,2,1776,0,64,1.0,1188.0
1495,3707,2073,1,18,6,2,1777,0,64,1.0,1189.0
1496,3707,2073,1,20,6,2,1778,0,64,1.0,1190.0
1497,3707,2072,1,16,6,2,1779,0,64,1.0,1191.0
1498,3707,2072,1,18,6,2,1780,0,64,1.0,1192.0
1499,3707,2072,1,14,6,2,1781,0,64,1.0,1193.0
1500,3707,2072,1,10,6,2,1782,0,64,1.0,1194.0
1501,3707,2072,1,6,6,2,1783,0,64,1.0,1195.0
1502,3707,2071,1,8,6,2,1784,0,64,1.0,1196.0
1503,3707,2071,1,10,6,2,1785,0,64,1.0,1197.0
1504,3707,2071,1,6,6,2,1786,0,64,1.0,1198.0
1505,3707,2071,1,8,6,2,1787,0,64,1.0,1199.0
1506,3707,2071,1,4,6,2,1788,0,64,1.0,1200.0
1507,3707,2071,1,6,6,2,1789,0,64,1.0,1201.0
1508,3707,2071,1,2,6,2,1790,0,64,1.0,1202.0
1509,3707,2071,1,0,6,2,1791,0,64,0.0,1202.0
1510,3707,2071,1,2,6,2,1792,0,64,1.0,1203.0
1511,3707,2071,1,4,6,2,1793,0,64,1.0,1204.0
1512,3707,2071,1,6,6,2,1794,0,64,1.0,1205.0
1513,3707,2071,1,8,6,2,1795,0,64,1.0,1206.0
1514,3707,2071,1,10,6,2,1796,0,64,1.0,1207.0
1515,3707,2070,1,12,6,2,1797,0,64,1.0,1208.0
1516,3707,2070,1,14,6,2,1798,0,64,1.0,1209.0
1517,3707,2070,1,16,6,2,1799,0,64,1.0,1210.0
1518,3707,2070,1,18,6,2,1800,0,64,1.0,1211.0
1519,3707,2070,1,14,6,2,1801,0,64,1.0,1212.0
1520,3707,2069,1,16,6,2,1802,0,64,1.0,1213.0
1521,3707,2069,1,18,6,2,1803,0,64,1.0,1214.0
1522,3707,2069,1,20,6,2,1804,0,64,1.0,1215.0
1523,3707,2069,1,16,6,2,1805,0,64,1.0,1216.0
1524,3707,2068,1,12,6,2,1806,0,64,1.0,1217.0
1525,3707,2068,1,14,6,2,1807,0,64,1.0,1218.0
1526,3707,2068,1,16,6,2,1808,0,64,1.0,1219.0
1527,3707,2068,0,18,6,2,1809,0,64,1.0,1220.0
1528,3707,2068,0,14,6,2,1810,0,64,1.0,1221.0
1529,3707,2067,0,10,6,2,1811,0,64,1.0,1222.0
1530,3707,2067,0,6,6,2,1812,0,64,1.0,1223.0
1531,3707,2067,0,2,6,2,1813,0,64,1.0,1224.0
1532,3707,2067,0,4,6,2,1814,0,64,1.0,1225.0
1533,3707,2067,0,0,6,2,1815,0,64,0.0,1225.0
1534,3707,2067,0,0,6,2,1816,0,64,0.0,1225.0
1535,3707,2067,0,0,6,2,1817,0,64,0.0,1225.0
1536,3707,2067,0,2,6,2,1818,0,64,1.0,1226.0
1537,3707,2067,0,4,6,2,1819,0,64,1.0,1227.0
1538,3707,2067,0,6,6,2,1820,0,64,1.0,1228.0
1539,3707,2067,0,8,6,2,1821,0,64,1.0,1229.0
1540,3707,2067,0,10,6,2,1822,0,64,1.0,1230.0
1541,3707,2067,0,6,6,2,1823,0,64,1.0,1231.0
1542,3707,2067,0,8,6,2,1824,0,64,1.0,1232.0
1543,3707,2066,0,10,6,2,1825,0,64,1.0,1233.0
1544,3707,2066,0,6,6,2,1826,0,64,1.0,1234.0
1545,3707,2066,0,8,6,2,1827,0,64,1.0,1235.0
1546,3707,2066,0,4,6,2,1828,0,64,1.0,1236.0
1547,3707,2066,0,6,6,2,1829,0,64,1.0,1237.0
1548,3707,2066,0,8,6,2,1830,0,64,1.0,1238.0
1549,3707,2066,0,10,6,2,1831,0,64,1.0,1239.0
1550,3707,2066,0,12,6,2,1832,0,64,1.0,1240.0
1551,3707,2066,0,8,6,2,1833,0,64,1.0,1241.0
1552,3707,2065,0,4,6,2,1834,0,64,1.0,1242.0
1553,3707,2065,0,0,6,2,1835,0,64,0.0,1242.0
1554,3707,2065,0,2,6,2,1836,0,64,1.0,1243.0
1555,3707,2065,0,4,6,2,1837,0,64,1.0,1244.0
1556,3707,2065,0,0,6,2,1838,0,64,0.0,1244.0
1557,3707,2065,0,2,6,2,1839,0,64,1.0,1245.0
1558,3707,2065,0,4,6,2,1840,0,64,1.0,1246.0
1559,3707,2065,0,6,6,2,1841,0,64,1.0,1247.0
1560,3707,2065,0,2,6,2,1842,0,64,1.0,1248.0
1561,3707,2065,0,0,6,2,1843,0,64,0.0,1248.0
1562,3707,2065,0,0,6,2,1844,0,64,0.0,1248.0
1563,3707,2065,0,0,6,2,1845,0,64,0.0,1248.0
1564,3707,2065,0,2,6,2,1846,0,64,1.0,1249.0
1565,3707,2065,0,0,6,2,1847,0,64,0.0,1249.0
1566,3707,2065,0,2,6,2,1848,0,64,1.0,1250.0
1567,3707,2065,0,0,6,2,1849,0,64,0.0,1250.0
1568,3707,2065,0,0,6,2,1850,0,64,0.0,1250.0
1569,3707,2065,0,2,6,2,1851,0,64,1.0,1251.0
1570,3707,2065,0,4,6,2,1852,0,64,1.0,1252.0
1571,3707,2065,0,0,6,2,1853,0,64,0.0,1252.0
1572,3707,2065,0,0,6,2,1854,0,64,0.0,1252.0
1573,3707,2065,0,0,6,2,1855,0,64,0.0,1252.0
1574,3707,2065,0,2,6,2,1856,0,64,1.0,1253.0
1575,3707,2065,0,4,6,2,1857,0,64,1.0,1254.0
1576,3707,2065,0,6,6,2,1858,0,64,1.0,1255.0
1577,3707,2065,0,8,6,2,1859,0,64,1.0,1256.0
1578,3707,2065,0,10,6,2,1860,0,64,1.0,1257.0
1579,3707,2065,0,12,6,2,1861,0,64,1.0,1258.0
1580,3707,2065,0,14,6,2,1862,0,64,1.0,1259.0
1581,3707,2064,0,16,6,2,1863,0,64,1.0,1260.0
1582,3707,2064,1,18,6,2,1864,0,64,1.0,1261.0
1583,3707,2064,1,14,6,2,1865,0,64,1.0,1262.0
1584,3707,2064,1,16,6,2,1866,0,64,1.0,1263.0
1585,3707,2063,1,18,6,2,1867,0,64,1.0,1264.0
1586,3707,2063,1,20,6,2,1868,0,64,1.0,1265.0
1587,3707,2063,1,22,6,2,1869,0,64,1.0,1266.0
1588,3707,2063,1,24,6,2,1870,0,64,1.0,1267.0
1589,3707,2062,1,20,6,2,1871,0,64,1.0,1268.0
1590,3707,2062,1,16,6,2,1872,0,64,1.0,1269.0
1591,3707,2062,1,18,6,2,1873,0,64,1.0,1270.0
1592,3707,2061,1,20,6,2,1874,0,64,1.0,1271.0
1593,3707,2061,1,16,6,2,1875,0,64,1.0,1272.0
1594,3707,2061,1,18,6,2,1876,0,64,1.0,1273.0
1595,3707,2061,1,20,6,2,1877,0,64,1.0,1274.0
1596,3707,2060,1,16,6,2,1878,0,64,1.0,1275.0
1597,3707,2060,1,12,6,2,1879,0,64,1.0,1276.0
1598,3707,2060,1,8,6,2,1880,0,64,1.0,1277.0
1599,3707,2060,1,10,6,2,1881,0,64,1.0,1278.0
1600,3707,2060,1,6,6,2,1882,0,64,1.0,1279.0
1601,3707,2060,1,8,6,2,1883,0,64,1.0,1280.0
1602,3707,2059,1,10,6,2,1884,0,64,1.0,1281.0
1603,3707,2059,1,12,6,2,1885,0,64,1.0,1282.0
1604,3707,2059,1,14,6,2,1886,0,64,1.0,1283.0
1605,3707,2059,1,10,6,2,1887,0,64,1.0,1284.0
1606,3707,2059,1,6,6,2,1888,0,64,1.0,1285.0
1607,3707,2059,1,2,6,2,1889,0,64,1.0,1286.0
1608,3707,2059,1,4,6,2,1890,0,64,1.0,1287.0
1609,3707,2059,1,6,6,2,1891,0,64,1.0,1288.0
1610,3707,2059,1,2,6,2,1892,0,64,1.0,1289.0
1611,3707,2059,1,4,6,2,1893,0,64,1.0,1290.0
1612,3707,2058,1,0,6,2,1894,0,64,0.0,1290.0
1613,3707,2058,1,0,6,2,1895,0,64,0.0,1290.0
1614,3707,2058,1,2,6,2,1896,0,64,1.0,1291.0
1615,3707,2058,1,4,6,2,1897,0,64,1.0,1292.0
1616,3707,2058,1,6,6,2,1898,0,64,1.0,1293.0
1617,3707,2058,1,8,6,2,1899,0,64,1.0,1294.0
1618,3707,2058,1,10,6,2,1900,0,64,1.0,1295.0
1619,3707,2058,1,12,6,2,1901,0,64,1.0,1296.0
1620,3707,2058,1,14,6,2,1902,0,64,1.0,1297.0
1621,3707,2058,1,16,6,2,1903,0,64,1.0,1298.0
